Primary ID,0,1,2,3,4,5,6,7,8,0,1,2,3,4,5,0,1,2,3,4,5,6,API dose,API %,Plast %,%5min,%10min,%15min,%30min,%60min,%120min,%180min,%240min
Amlodipine_N1_1,20.760123493593518,5.672537201771859,-6.173301329352167,0.4094535125652364,-3.8125886159052076,-9.728830362052797,2.4258077639635873,7.912537499310091,1.470892001083727,3.6151178069275556,0.5653696158138174,0.34381674555380415,-1.0181894590108922,0.657170601290209,0.13572940526414656,3.86355908973427,1.1320207400802562,1.3300630455180333,0.7161630527644355,0.12248567449341669,0.31073929552775137,-0.23810298693130524,-1.3214133456283237,-1.319216451988073,-1.319691242661356,-0.06624815115335765,-0.26660025152667155,-0.3625935120507902,-0.9388491354537152,-1.1487335464199164,-1.648330172130534,-2.247421247822172,-2.6086328027402015
Amlodipine_N1_2,20.760123493593518,5.672537201771861,-6.173301329352215,0.40945351256527107,-3.8125886159052556,-9.728830362052765,2.4258077639635545,7.9125374993101785,1.4708920010837006,3.6151178069275707,0.5653696158138035,0.34381674555380615,-1.018189459010893,0.6571706012902084,0.1357294052641293,3.8635590897342573,1.1320207400802533,1.3300630455180296,0.7161630527644326,0.12248567449341491,0.31073929552775287,-0.23810298693130655,-1.2056838026072387,-1.319216451988073,-1.319691242661356,1.6655499869637607,0.9858169327101098,0.5873501555436328,-0.845046465037485,-0.9929009160278547,-0.8956921764830273,-1.5662467009350816,-2.0534813610468134
Amlodipine_N2_1,20.760123493593518,5.672537201771862,-6.173301329352197,0.40945351256526347,-3.8125886159052294,-9.728830362052818,2.4258077639635496,7.912537499310209,1.4708920010837216,3.6151178069275542,0.5653696158138249,0.3438167455537964,-1.0181894590108893,0.6571706012902147,0.13572940526412555,3.863559089734257,1.132020740080251,1.3300630455180338,0.716163052764431,0.12248567449341853,0.31073929552775204,-0.23810298693130608,-0.04012197646631078,0.07684756030998473,-1.319691242661356,-1.0751969622030932,-1.316592581987146,-1.4163691760676371,-1.5323100064150492,-1.4851936274430877,-1.9153805505405455,-2.4054379445063048,-2.6144428989149784
Amlodipine_N2_2,20.760123493593518,5.672537201771861,-6.173301329352199,0.4094535125652358,-3.812588615905245,-9.7288303620528,2.4258077639635593,7.912537499310157,1.4708920010837188,3.6151178069275534,0.5653696158138215,0.34381674555381825,-1.0181894590108944,0.6571706012902144,0.13572940526412533,3.863559089734275,1.132020740080244,1.3300630455180213,0.7161630527644286,0.12248567449341635,0.31073929552775353,-0.23810298693130807,-0.1517183215223569,0.07684756030998473,-1.319691242661356,1.7201445490311444,1.036972403048668,0.6355298194578343,-1.3633832399824317,-1.4441243485915332,-1.8678574470574258,-2.6950471697872658,-2.873976210975763
Amlodipine_N4_1,20.760123493593518,5.672537201771862,-6.173301329352196,0.4094535125652468,-3.81258861590522,-9.728830362052822,2.425807763963565,7.912537499310211,1.4708920010837063,3.6151178069275542,0.5653696158138153,0.34381674555380354,-1.0181894590109004,0.6571706012902119,0.13572940526412383,3.8635590897342533,1.1320207400802496,1.3300630455180356,0.716163052764436,0.12248567449341684,0.31073929552774354,-0.23810298693130727,-1.2924809598730524,-1.319216451988073,0.03734975215079309,-0.655104649599193,-0.47957235888577715,-0.35309112152422595,-1.1887513849533589,-1.2498339213936451,-1.8879070131180884,-2.292016833042954,-2.391923200741111
Amlodipine_N4_2,20.760123493593518,5.672537201771862,-6.173301329352197,0.40945351256525137,-3.812588615905222,-9.728830362052813,2.425807763963542,7.912537499310176,1.4708920010836906,3.6151178069275565,0.5653696158138166,0.3438167455538075,-1.018189459010897,0.6571706012902115,0.13572940526412647,3.863559089734268,1.1320207400802422,1.3300630455180364,0.7161630527644327,0.12248567449341245,0.3107392955277526,-0.23810298693130694,-1.2594153761527425,-1.319216451988073,0.03734975215079309,-0.655104649599193,-0.38670260608621754,-0.5801992641193368,-1.3171312389697425,-1.704296156858982,-1.9175325621151467,-2.284920594097017,-2.336322132813609
Amlodipine_N5_1,20.760123493593518,5.672537201771862,-6.1733013293521966,0.40945351256525037,-3.8125886159052262,-9.728830362052802,2.4258077639635656,7.912537499310157,1.4708920010837019,3.6151178069275542,0.5653696158138192,0.3438167455538043,-1.0181894590108977,0.6571706012902123,0.13572940526411983,3.8635590897342595,1.1320207400802529,1.3300630455180322,0.71616305276443,0.12248567449341102,0.31073929552775376,-0.2381029869313049,0.1954703075408982,0.07684756030998473,0.03734975215079309,-0.17705325263040161,-0.9000229843164461,-1.2875748950818817,-1.484260970883519,-1.460507404962843,-1.9797771768455685,-2.366139337022247,-2.439057705008897
Amlodipine_N5_2,20.760123493593518,5.672537201771862,-6.1733013293521966,0.4094535125652512,-3.8125886159052245,-9.728830362052806,2.4258077639635567,7.912537499310162,1.4708920010837003,3.6151178069275556,0.5653696158138194,0.3438167455538049,-1.0181894590108942,0.6571706012902125,0.13572940526412458,3.8635590897342644,1.1320207400802573,1.3300630455180278,0.716163052764429,0.12248567449341295,0.3107392955277565,-0.23810298693131063,0.2326690892262469,0.07684756030998473,0.03734975215079309,0.5187308478335044,-0.5885483935248009,-0.26825807085343817,-0.7978621653618123,-1.2635929887139368,-1.3752991877597014,-2.0416517236353173,-2.5017093454426806
Amlodipine_N10_1,20.760123493593518,5.672537201771862,-6.1733013293521966,0.4094535125652512,-3.8125886159052245,-9.728830362052806,2.4258077639635567,7.9125374993101705,1.4708920010837065,3.615117806927557,0.5653696158138158,0.343816745553807,-1.0181894590108982,0.6571706012902131,0.13572940526412658,3.8635590897342604,1.132020740080252,1.330063045518031,0.7161630527644359,0.12248567449341674,0.31073929552775514,-0.23810298693131007,-0.11451953983700819,0.07684756030998473,0.03734975215079309,-0.9007428501905246,-0.8311391195593119,-0.7594886397787912,-0.9884703296692221,-1.0481172668130332,-1.6406607492206877,-1.9035712985070852,-1.833486326583777
Amlodipine_N10_2,20.760123493593518,5.672537201771862,-6.1733013293521966,0.4094535125652512,-3.8125886159052245,-9.728830362052806,2.4258077639635567,7.9125374993101705,1.470892001083706,3.6151178069275565,0.5653696158138154,0.34381674555380903,-1.0181894590109002,0.6571706012902143,0.1357294052641287,3.8635590897342604,1.1320207400802436,1.3300630455180342,0.7161630527644346,0.12248567449341663,0.310739295527751,-0.23810298693130766,-0.13931872762724076,0.07684756030998473,0.03734975215079309,0.4578865899237465,0.3984504670285035,0.37162665427566266,-0.3892252757575565,-0.9111815065010196,-1.700797579419998,-2.336693584003486,-2.7427624899021468
Amlodipine_N11_1,20.760123493593518,5.672537201771862,-6.1733013293521966,0.4094535125652512,-3.8125886159052245,-9.728830362052806,2.4258077639635567,7.9125374993101705,1.4708920010837074,3.6151178069275556,0.5653696158138176,0.3438167455538074,-1.0181894590108966,0.6571706012902114,0.13572940526412644,3.8635590897342595,1.1320207400802451,1.3300630455180347,0.7161630527644378,0.12248567449341458,0.3107392955277518,-0.23810298693130838,-0.1517183215223569,0.07684756030998473,0.03734975215079309,-1.295562333020482,-1.2736022117553376,-1.2211794957158943,-1.6192161558827802,-1.6566169391125134,-1.6567872181728258,-2.3542434761273974,-2.8413671509932867
Amlodipine_N11_2,20.760123493593518,5.672537201771862,-6.1733013293521966,0.4094535125652512,-3.8125886159052245,-9.728830362052806,2.4258077639635567,7.9125374993101705,1.4708920010837074,3.6151178069275547,0.5653696158138185,0.34381674555380803,-1.0181894590108966,0.657170601290212,0.13572940526412697,3.8635590897342618,1.1320207400802498,1.3300630455180318,0.7161630527644354,0.1224856744934141,0.3107392955277573,-0.23810298693130968,0.22026949533113077,0.07684756030998473,0.03734975215079309,-0.5347004605976956,-0.9737017034757598,-1.1948479531461087,-1.1487294223254727,-1.1770551753587803,-1.593505306040597,-2.2851824595869186,-2.7677791505958487
Paracetamol_N1_1,-22.4884448897501,-11.603189297188512,6.089198761849366,11.288565732612302,-8.509581024344037,1.088992731788418,-4.7810219586853435,-6.86330816895789,3.533604324455334,-3.3839578479151924,-2.7713334015291915,-0.7975496585687853,1.1191432188758936,-1.5204536136923674,-0.5080897292729615,-1.5207527649542123,-2.3836169576709327,-2.987770482388441,-1.4798685798599214,-0.30078475040567715,1.1824866515879382,-0.8226922381542197,-1.2015506046422,-1.319216451988073,-1.319691242661356,1.2080648618176622,1.2078866358638074,1.200026356481363,0.8061446925915289,0.32437418342523683,0.33180444437941925,0.3487958892442248,0.6880809384723897
Paracetamol_N1_2,-22.4884448897501,-11.603189297188512,6.089198761849366,11.288565732612302,-8.509581024344037,1.088992731788418,-4.7810219586853435,-6.86330816895789,3.533604324455334,-3.3839578479151924,-2.7713334015291915,-0.7975496585687853,1.1191432188758936,-1.5204536136923674,-0.5080897292729615,-1.5207527649542123,-2.3836169576709327,-2.987770482388441,-1.4798685798599214,-0.30078475040567715,1.1824866515879382,-0.8226922381542197,-1.2635485741177812,-1.319216451988073,-1.319691242661356,1.5768975777585177,1.081524743565119,0.7883501394346393,1.004961670857292,0.7645147297543556,0.8560534581343158,0.676732795342781,0.7399876831765164
Paracetamol_N2_1,-22.4884448897501,-11.603189297188512,6.089198761849366,11.288565732612302,-8.509581024344037,1.088992731788418,-4.7810219586853435,-6.86330816895789,3.533604324455334,-3.3839578479151924,-2.7713334015291915,-0.7975496585687853,1.1191432188758936,-1.5204536136923674,-0.5080897292729615,-1.5207527649542123,-2.3836169576709327,-2.987770482388441,-1.4798685798599214,-0.30078475040567715,1.1824866515879382,-0.8226922381542197,0.3318658403871769,0.07684756030998473,-1.319691242661356,1.7465256681967325,1.5210059401627318,1.3762292018313438,1.6075880286558162,1.0130761036931015,0.714808860341655,0.48445994094243566,0.48865425149031394
Paracetamol_N2_2,-22.4884448897501,-11.603189297188512,6.089198761849366,11.288565732612302,-8.509581024344037,1.088992731788418,-4.7810219586853435,-6.86330816895789,3.533604324455334,-3.3839578479151924,-2.7713334015291915,-0.7975496585687853,1.1191432188758936,-1.5204536136923674,-0.5080897292729615,-1.5207527649542123,-2.3836169576709327,-2.987770482388441,-1.4798685798599214,-0.30078475040567715,1.1824866515879382,-0.8226922381542197,0.22026949533113077,0.07684756030998473,-1.319691242661356,1.7561310245018995,1.3021877662324597,1.0288687682184314,1.174371072815218,0.9028298526937298,0.9548544054844126,0.5824598128487721,0.654304393588975
Paracetamol_N3_1,-22.4884448897501,-11.603189297188512,6.089198761849366,11.288565732612302,-8.509581024344037,1.088992731788418,-4.7810219586853435,-6.86330816895789,3.533604324455334,-3.3839578479151924,-2.7713334015291915,-0.7975496585687853,1.1191432188758936,-1.5204536136923674,-0.5080897292729615,-1.5207527649542123,-2.3836169576709327,-2.987770482388441,-1.4798685798599214,-0.30078475040567715,1.1824866515879382,-0.8226922381542197,1.5387596461784927,1.4729115726080424,-1.319691242661356,2.3279039880784107,1.9883233736430568,1.7683422941485067,1.446461156685303,0.7653552939523071,0.7339326426418731,0.39807334462585614,0.26592060536566386
Paracetamol_N3_2,-22.4884448897501,-11.603189297188512,6.089198761849366,11.288565732612302,-8.509581024344037,1.088992731788418,-4.7810219586853435,-6.86330816895789,3.533604324455334,-3.3839578479151924,-2.7713334015291915,-0.7975496585687853,1.1191432188758936,-1.5204536136923674,-0.5080897292729615,-1.5207527649542123,-2.3836169576709327,-2.987770482388441,-1.4798685798599214,-0.30078475040567715,1.1824866515879382,-0.8226922381542197,1.683421574954849,1.4729115726080424,-1.319691242661356,1.3469225099321753,0.7218985219809896,0.3602633407661108,0.44379008092817507,0.11470177522342581,0.09411327627048759,0.06549357956054955,0.35708295095886633
Paracetamol_N4_1,-22.4884448897501,-11.603189297188512,6.089198761849366,11.288565732612302,-8.509581024344037,1.088992731788418,-4.7810219586853435,-6.86330816895789,3.533604324455334,-3.3839578479151924,-2.7713334015291915,-0.7975496585687853,1.1191432188758936,-1.5204536136923674,-0.5080897292729615,-1.5207527649542123,-2.3836169576709327,-2.987770482388441,-1.4798685798599214,-0.30078475040567715,1.1824866515879382,-0.8226922381542197,-1.218083396502355,-1.319216451988073,0.03734975215079309,1.5397461195450735,0.9957277480453525,0.6759275546161593,0.44654315606739037,0.15322802673176594,1.1075809493100863,0.8476481507451961,0.7958981579272048
Paracetamol_N4_2,-22.4884448897501,-11.603189297188512,6.089198761849366,11.288565732612302,-8.509581024344037,1.088992731788418,-4.7810219586853435,-6.86330816895789,3.533604324455334,-3.3839578479151924,-2.7713334015291915,-0.7975496585687853,1.1191432188758936,-1.5204536136923674,-0.5080897292729615,-1.5207527649542123,-2.3836169576709327,-2.987770482388441,-1.4798685798599214,-0.30078475040567715,1.1824866515879382,-0.8226922381542197,-1.2594153761527425,-1.319216451988073,0.03734975215079309,0.45542219081272667,0.2788120201291593,0.18619134254549446,0.13284345186023222,0.17374011093550898,1.0385716230251356,0.7936297909972176,0.764282990469104
Paracetamol_N5_1,-22.4884448897501,-11.603189297188512,6.089198761849366,11.288565732612302,-8.509581024344037,1.088992731788418,-4.7810219586853435,-6.86330816895789,3.533604324455334,-3.3839578479151924,-2.7713334015291915,-0.7975496585687853,1.1191432188758936,-1.5204536136923674,-0.5080897292729615,-1.5207527649542123,-2.3836169576709327,-2.987770482388441,-1.4798685798599214,-0.30078475040567715,1.1824866515879382,-0.8226922381542197,0.1954703075408982,0.07684756030998473,0.03734975215079309,1.457949001941757,1.6695443375671783,1.7759114721240594,1.436733469794388,0.8709996813431443,1.044414148703802,0.8172281678470952,0.7958981579272048
Paracetamol_N5_2,-22.4884448897501,-11.603189297188512,6.089198761849366,11.288565732612302,-8.509581024344037,1.088992731788418,-4.7810219586853435,-6.86330816895789,3.533604324455334,-3.3839578479151924,-2.7713334015291915,-0.7975496585687853,1.1191432188758936,-1.5204536136923674,-0.5080897292729615,-1.5207527649542123,-2.3836169576709327,-2.987770482388441,-1.4798685798599214,-0.30078475040567715,1.1824866515879382,-0.8226922381542197,0.22026949533113077,0.07684756030998473,0.03734975215079309,1.1487633992774853,1.327345254655996,1.421069367866669,1.3240120335191545,0.874381782648585,1.031822046353984,0.7531586950630674,0.6808234496371915
Paracetamol_N6_1,-22.4884448897501,-11.603189297188512,6.089198761849366,11.288565732612302,-8.509581024344037,1.088992731788418,-4.7810219586853435,-6.86330816895789,3.533604324455334,-3.3839578479151924,-2.7713334015291915,-0.7975496585687853,1.1191432188758936,-1.5204536136923674,-0.5080897292729615,-1.5207527649542123,-2.3836169576709327,-2.987770482388441,-1.4798685798599214,-0.30078475040567715,1.1824866515879382,-0.8226922381542197,1.5800916258288802,1.4729115726080424,0.03734975215079309,1.6617112595531796,2.0963511647133077,2.3241606238606383,1.5995458678843413,0.7352376525421634,0.5290460180216395,0.3210846277175974,0.3625177282304873
Paracetamol_N6_2,-22.4884448897501,-11.603189297188512,6.089198761849366,11.288565732612302,-8.509581024344037,1.088992731788418,-4.7810219586853435,-6.86330816895789,3.533604324455334,-3.3839578479151924,-2.7713334015291915,-0.7975496585687853,1.1191432188758936,-1.5204536136923674,-0.5080897292729615,-1.5207527649542123,-2.3836169576709327,-2.987770482388441,-1.4798685798599214,-0.30078475040567715,1.1824866515879382,-0.8226922381542197,1.41476370722733,1.4729115726080424,0.03734975215079309,0.8921069131521216,0.8548577830661905,0.8322038974175909,0.842509030476183,0.5234270012947432,0.510146351756557,0.4011817086359118,0.5705878983086244
Paracetamol_N7_1,-22.4884448897501,-11.603189297188512,6.089198761849366,11.288565732612302,-8.509581024344037,1.088992731788418,-4.7810219586853435,-6.86330816895789,3.533604324455334,-3.3839578479151924,-2.7713334015291915,-0.7975496585687853,1.1191432188758936,-1.5204536136923674,-0.5080897292729615,-1.5207527649542123,-2.3836169576709327,-2.987770482388441,-1.4798685798599214,-0.30078475040567715,1.1824866515879382,-0.8226922381542197,-1.2966141578380912,-1.319216451988073,1.3943907469629422,0.7856426623868654,0.6848789442029667,0.6285685832623967,0.8269222852161858,0.5374646385271533,0.9184746061808919,0.7375530453530594,0.7958981579272048
Paracetamol_N7_2,-22.4884448897501,-11.603189297188512,6.089198761849366,11.288565732612302,-8.509581024344037,1.088992731788418,-4.7810219586853435,-6.86330816895789,3.533604324455334,-3.3839578479151924,-2.7713334015291915,-0.7975496585687853,1.1191432188758936,-1.5204536136923674,-0.5080897292729615,-1.5207527649542123,-2.3836169576709327,-2.987770482388441,-1.4798685798599214,-0.30078475040567715,1.1824866515879382,-0.8226922381542197,-1.2883477619080137,-1.319216451988073,1.3943907469629422,0.5554133593194162,0.28680516133900225,0.140576993347922,-0.09357247717988584,-0.3216631227270206,-0.2519741423687057,0.056134304684100626,0.7958981579272048
Paracetamol_N8_1,-22.4884448897501,-11.603189297188512,6.089198761849366,11.288565732612302,-8.509581024344037,1.088992731788418,-4.7810219586853435,-6.86330816895789,3.533604324455334,-3.3839578479151924,-2.7713334015291915,-0.7975496585687853,1.1191432188758936,-1.5204536136923674,-0.5080897292729615,-1.5207527649542123,-2.3836169576709327,-2.987770482388441,-1.4798685798599214,-0.30078475040567715,1.1824866515879382,-0.8226922381542197,0.13347233806531691,0.07684756030998473,1.3943907469629422,0.7834307359692944,0.8458118817602844,0.8812202634633849,0.5867244678656451,0.2500967446310274,0.25927524836366084,0.3688688929606712,0.7958981579272048
Paracetamol_N8_2,-22.4884448897501,-11.603189297188512,6.089198761849366,11.288565732612302,-8.509581024344037,1.088992731788418,-4.7810219586853435,-6.86330816895789,3.533604324455334,-3.3839578479151924,-2.7713334015291915,-0.7975496585687853,1.1191432188758936,-1.5204536136923674,-0.5080897292729615,-1.5207527649542123,-2.3836169576709327,-2.987770482388441,-1.4798685798599214,-0.30078475040567715,1.1824866515879382,-0.8226922381542197,0.17067111975066562,0.07684756030998473,1.3943907469629422,1.1563226036118859,1.0597685505298708,0.9987402803875667,1.0169582277252165,0.688418165663398,1.0695358293573363,0.825498721762309,0.7958981579272048
Paracetamol_N9_1,-22.4884448897501,-11.603189297188512,6.089198761849366,11.288565732612302,-8.509581024344037,1.088992731788418,-4.7810219586853435,-6.86330816895789,3.533604324455334,-3.3839578479151924,-2.7713334015291915,-0.7975496585687853,1.1191432188758936,-1.5204536136923674,-0.5080897292729615,-1.5207527649542123,-2.3836169576709327,-2.987770482388441,-1.4798685798599214,-0.30078475040567715,1.1824866515879382,-0.8226922381542197,1.6627555851296552,1.4729115726080424,1.3943907469629422,1.0381951765820265,1.4076830029636418,1.6107963596293466,1.9921532350324707,1.7642428909895709,0.9835442528913771,0.6157721664006992,0.4314539903762143
Paracetamol_N9_2,-22.4884448897501,-11.603189297188512,6.089198761849366,11.288565732612302,-8.509581024344037,1.088992731788418,-4.7810219586853435,-6.86330816895789,3.533604324455334,-3.3839578479151924,-2.7713334015291915,-0.7975496585687853,1.1191432188758936,-1.5204536136923674,-0.5080897292729615,-1.5207527649542123,-2.3836169576709327,-2.987770482388441,-1.4798685798599214,-0.30078475040567715,1.1824866515879382,-0.8226922381542197,1.683421574954849,1.4729115726080424,1.3943907469629422,1.1891153858783312,1.558318514037775,1.7583878998556863,2.1573150425123058,1.8579770959649935,0.9874738546203625,0.6203349052768372,0.43665014669839647
Paracetamol_N10_1,-22.4884448897501,-11.603189297188512,6.089198761849366,11.288565732612302,-8.509581024344037,1.088992731788418,-4.7810219586853435,-6.86330816895789,3.533604324455334,-3.3839578479151924,-2.7713334015291915,-0.7975496585687853,1.1191432188758936,-1.5204536136923674,-0.5080897292729615,-1.5207527649542123,-2.3836169576709327,-2.987770482388441,-1.4798685798599214,-0.30078475040567715,1.1824866515879382,-0.8226922381542197,0.2326690892262469,0.07684756030998473,0.03734975215079309,1.3602185086014622,1.2326831156348395,1.1503490883800636,0.5845588242912536,-0.022673729190053112,-0.028849556080987934,0.18603417327914254,0.7958981579272048
Paracetamol_N10_2,-22.4884448897501,-11.603189297188512,6.089198761849366,11.288565732612302,-8.509581024344037,1.088992731788418,-4.7810219586853435,-6.86330816895789,3.533604324455334,-3.3839578479151924,-2.7713334015291915,-0.7975496585687853,1.1191432188758936,-1.5204536136923674,-0.5080897292729615,-1.5207527649542123,-2.3836169576709327,-2.987770482388441,-1.4798685798599214,-0.30078475040567715,1.1824866515879382,-0.8226922381542197,0.14587193196043305,0.07684756030998473,0.03734975215079309,1.2321808330116075,1.1010666370770834,1.0191682813475293,0.5066178938161614,0.04578737972761154,0.34424722203760766,0.3953806898858172,0.7779341827412176
Paracetamol_N11_1,-22.4884448897501,-11.603189297188512,6.089198761849366,11.288565732612302,-8.509581024344037,1.088992731788418,-4.7810219586853435,-6.86330816895789,3.533604324455334,-3.3839578479151924,-2.7713334015291915,-0.7975496585687853,1.1191432188758936,-1.5204536136923674,-0.5080897292729615,-1.5207527649542123,-2.3836169576709327,-2.987770482388441,-1.4798685798599214,-0.30078475040567715,1.1824866515879382,-0.8226922381542197,0.20786990143601433,0.07684756030998473,0.03734975215079309,1.7551380283502194,2.1732953082213453,2.3900573108407985,2.579427756588485,2.012581225746617,1.1837358391314654,0.8527313298717673,0.7062459236484453
Paracetamol_N11_2,-22.4884448897501,-11.603189297188512,6.089198761849366,11.288565732612302,-8.509581024344037,1.088992731788418,-4.7810219586853435,-6.86330816895789,3.533604324455334,-3.3839578479151924,-2.7713334015291915,-0.7975496585687853,1.1191432188758936,-1.5204536136923674,-0.5080897292729615,-1.5207527649542123,-2.3836169576709327,-2.987770482388441,-1.4798685798599214,-0.30078475040567715,1.1824866515879382,-0.8226922381542197,0.13347233806531691,0.07684756030998473,0.03734975215079309,1.5301436148117005,1.8710251599624907,2.0486628818989416,2.1789247678807655,1.8185689710808088,1.0646273746545654,0.7188919662186504,0.558938354660188
Felodipine_N1_1,16.360703288799737,9.880615623354037,-0.8135920274042436,-0.8868582511822267,-12.639677849686564,-12.565799707871527,5.453246435410608,-0.47824261599823004,1.1307397216073418,3.074561536606275,0.9042493402121379,-0.7258525308059095,-1.929619100209671,-1.2658395525643062,-0.12343268123430863,4.5735941409178755,0.17670530409429205,-0.7731348829219903,-0.16723263219487994,0.10152062501655962,-0.19740086398770781,-0.5046409940354423,-1.3469151770726129,-1.319216451988073,-1.319691242661356,1.2493889652065777,0.07411907464946975,0.4382546868576505,-0.5791435395666722,-0.8884399305298974,-0.8812556404987651,-0.8719493513761987,-0.9715495553961712
Felodipine_N1_2,16.360703288799737,9.880615623354037,-0.8135920274042436,-0.8868582511822267,-12.639677849686564,-12.565799707871527,5.453246435410608,-0.47824261599823004,1.1307397216073418,3.074561536606275,0.9042493402121379,-0.7258525308059095,-1.929619100209671,-1.2658395525643062,-0.12343268123430863,4.5735941409178755,0.17670530409429205,-0.7731348829219903,-0.16723263219487994,0.10152062501655962,-0.19740086398770781,-0.5046409940354423,-1.2758655040535967,-1.319216451988073,-1.319691242661356,0.4796608931969703,0.3584863569063439,0.12933970937845918,-0.27958830317333727,-0.39204533100746386,-0.3276189737224188,0.25590748201683405,0.08819124885065507
Felodipine_N2_1,16.360703288799737,9.880615623354037,-0.8135920274042436,-0.8868582511822267,-12.639677849686564,-12.565799707871527,5.453246435410608,-0.47824261599823004,1.1307397216073418,3.074561536606275,0.9042493402121379,-0.7258525308059095,-1.929619100209671,-1.2658395525643062,-0.12343268123430863,4.5735941409178755,0.17670530409429205,-0.7731348829219903,-0.16723263219487994,0.10152062501655962,-0.19740086398770781,-0.5046409940354423,0.08660187314177746,0.07684756030998473,-1.319691242661356,-0.9519257842786875,-1.3955428519469595,-1.5517992517952173,-1.6653875718763282,-1.6471365508586733,-1.9396183737639965,-0.5597130399392002,-0.8966167151072919
Felodipine_N2_2,16.360703288799737,9.880615623354037,-0.8135920274042436,-0.8868582511822267,-12.639677849686564,-12.565799707871527,5.453246435410608,-0.47824261599823004,1.1307397216073418,3.074561536606275,0.9042493402121379,-0.7258525308059095,-1.929619100209671,-1.2658395525643062,-0.12343268123430863,4.5735941409178755,0.17670530409429205,-0.7731348829219903,-0.16723263219487994,0.10152062501655962,-0.19740086398770781,-0.5046409940354423,0.06713451072644508,0.07684756030998473,-1.319691242661356,-0.6853425815568174,-0.9441952697387489,-1.1670834665488814,-1.1561531705541144,-1.651198242632866,-1.112646323298008,-1.8181564842371318,-0.38386822077772853
Felodipine_N3_1,16.360703288799737,9.880615623354037,-0.8135920274042436,-0.8868582511822267,-12.639677849686564,-12.565799707871527,5.453246435410608,-0.47824261599823004,1.1307397216073418,3.074561536606275,0.9042493402121379,-0.7258525308059095,-1.929619100209671,-1.2658395525643062,-0.12343268123430863,4.5735941409178755,0.17670530409429205,-0.7731348829219903,-0.16723263219487994,0.10152062501655962,-0.19740086398770781,-0.5046409940354423,1.1785514435253652,1.4729115726080424,-1.319691242661356,-0.8311826303130544,-1.2692957292108042,-1.4564908969397383,-1.6898203436074373,-1.6659937903628022,-2.053815156914672,-1.9748700216502133,-2.1319525918803377
Felodipine_N3_2,16.360703288799737,9.880615623354037,-0.8135920274042436,-0.8868582511822267,-12.639677849686564,-12.565799707871527,5.453246435410608,-0.47824261599823004,1.1307397216073418,3.074561536606275,0.9042493402121379,-0.7258525308059095,-1.929619100209671,-1.2658395525643062,-0.12343268123430863,4.5735941409178755,0.17670530409429205,-0.7731348829219903,-0.16723263219487994,0.10152062501655962,-0.19740086398770781,-0.5046409940354423,1.256462225166346,1.4729115726080424,-1.319691242661356,-1.0104640562400786,-1.5917303633725082,-1.7192224998787722,-2.014610354207653,-1.99961751732411,-2.6745896688374655,-2.6010040994492103,-2.5229864186173128
Felodipine_N4_1,16.360703288799737,9.880615623354037,-0.8135920274042436,-0.8868582511822267,-12.639677849686564,-12.565799707871527,5.453246435410608,-0.47824261599823004,1.1307397216073418,3.074561536606275,0.9042493402121379,-0.7258525308059095,-1.929619100209671,-1.2658395525643062,-0.12343268123430863,4.5735941409178755,0.17670530409429205,-0.7731348829219903,-0.16723263219487994,0.10152062501655962,-0.19740086398770781,-0.5046409940354423,-1.2966141578380912,-1.319216451988073,0.03734975215079309,0.3589014011905963,0.5413746428744045,0.031983045929429486,0.22807491880168,0.8742232844191734,0.7942570555855278,0.42263719267127586,0.36452120066702554
Felodipine_N4_2,16.360703288799737,9.880615623354037,-0.8135920274042436,-0.8868582511822267,-12.639677849686564,-12.565799707871527,5.453246435410608,-0.47824261599823004,1.1307397216073418,3.074561536606275,0.9042493402121379,-0.7258525308059095,-1.929619100209671,-1.2658395525643062,-0.12343268123430863,4.5735941409178755,0.17670530409429205,-0.7731348829219903,-0.16723263219487994,0.10152062501655962,-0.19740086398770781,-0.5046409940354423,-1.2883477619080137,-1.319216451988073,0.03734975215079309,0.773565613749936,0.6937063819901931,0.5131689437153606,0.5087750686331213,1.159133581022939,0.9149982991849163,0.6040528067281797,0.3534746653332116
Felodipine_N5_1,16.360703288799737,9.880615623354037,-0.8135920274042436,-0.8868582511822267,-12.639677849686564,-12.565799707871527,5.453246435410608,-0.47824261599823004,1.1307397216073418,3.074561536606275,0.9042493402121379,-0.7258525308059095,-1.929619100209671,-1.2658395525643062,-0.12343268123430863,4.5735941409178755,0.17670530409429205,-0.7731348829219903,-0.16723263219487994,0.10152062501655962,-0.19740086398770781,-0.5046409940354423,0.18307071364578206,0.07684756030998473,0.03734975215079309,-0.7885525122769915,-0.8447316573446085,-0.943363475465535,-0.8261232788399429,-0.5674336956087619,-0.3075841950166136,0.34724234657941055,0.2239265664914095
Felodipine_N5_2,16.360703288799737,9.880615623354037,-0.8135920274042436,-0.8868582511822267,-12.639677849686564,-12.565799707871527,5.453246435410608,-0.47824261599823004,1.1307397216073418,3.074561536606275,0.9042493402121379,-0.7258525308059095,-1.929619100209671,-1.2658395525643062,-0.12343268123430863,4.5735941409178755,0.17670530409429205,-0.7731348829219903,-0.16723263219487994,0.10152062501655962,-0.19740086398770781,-0.5046409940354423,0.17067111975066562,0.07684756030998473,0.03734975215079309,-0.49463375850598224,-0.5339524678896259,-0.5884480355458298,-0.35480359505597786,0.07484438246788408,0.7638348121962711,0.5601629704784693,0.36812490606812076
Felodipine_N6_1,16.360703288799737,9.880615623354037,-0.8135920274042436,-0.8868582511822267,-12.639677849686564,-12.565799707871527,5.453246435410608,-0.47824261599823004,1.1307397216073418,3.074561536606275,0.9042493402121379,-0.7258525308059095,-1.929619100209671,-1.2658395525643062,-0.12343268123430863,4.5735941409178755,0.17670530409429205,-0.7731348829219903,-0.16723263219487994,0.10152062501655962,-0.19740086398770781,-0.5046409940354423,1.1390794029592453,1.4729115726080424,0.03734975215079309,-0.8305107294134623,-1.402080500134427,-1.8388905373109843,-1.307986099099907,-1.1362549748926885,-1.9400006783559824,-2.474237797242301,-3.052056272640064
Felodipine_N6_2,16.360703288799737,9.880615623354037,-0.8135920274042436,-0.8868582511822267,-12.639677849686564,-12.565799707871527,5.453246435410608,-0.47824261599823004,1.1307397216073418,3.074561536606275,0.9042493402121379,-0.7258525308059095,-1.929619100209671,-1.2658395525643062,-0.12343268123430863,4.5735941409178755,0.17670530409429205,-0.7731348829219903,-0.16723263219487994,0.10152062501655962,-0.19740086398770781,-0.5046409940354423,1.3717784483909268,1.4729115726080424,0.03734975215079309,-1.144119927472179,-1.6555018560736168,-1.8376026286563185,-2.008420098781005,-2.011040473266359,-2.797097002198369,-3.028280151321049,-3.288016700020042
Felodipine_N7_1,16.360703288799737,9.880615623354037,-0.8135920274042436,-0.8868582511822267,-12.639677849686564,-12.565799707871527,5.453246435410608,-0.47824261599823004,1.1307397216073418,3.074561536606275,0.9042493402121379,-0.7258525308059095,-1.929619100209671,-1.2658395525643062,-0.12343268123430863,4.5735941409178755,0.17670530409429205,-0.7731348829219903,-0.16723263219487994,0.10152062501655962,-0.19740086398770781,-0.5046409940354423,-1.2800813659779362,-1.319216451988073,1.3943907469629422,-0.23370768840230818,-0.7510812296720253,-0.9042588527905535,-0.9749690439506233,-0.6674054711538597,0.2265359026199479,0.4891242238302631,0.0828490670835467
Felodipine_N7_2,16.360703288799737,9.880615623354037,-0.8135920274042436,-0.8868582511822267,-12.639677849686564,-12.565799707871527,5.453246435410608,-0.47824261599823004,1.1307397216073418,3.074561536606275,0.9042493402121379,-0.7258525308059095,-1.929619100209671,-1.2658395525643062,-0.12343268123430863,4.5735941409178755,0.17670530409429205,-0.7731348829219903,-0.16723263219487994,0.10152062501655962,-0.19740086398770781,-0.5046409940354423,-1.2139501985373162,-1.319216451988073,1.3943907469629422,0.6042269899344673,-0.18933596613632045,-0.3550054036519641,-0.22328042258144082,-0.39183860795600856,-0.07254136443930814,0.4215406858901932,0.21025852799732922
Felodipine_N8_1,16.360703288799737,9.880615623354037,-0.8135920274042436,-0.8868582511822267,-12.639677849686564,-12.565799707871527,5.453246435410608,-0.47824261599823004,1.1307397216073418,3.074561536606275,0.9042493402121379,-0.7258525308059095,-1.929619100209671,-1.2658395525643062,-0.12343268123430863,4.5735941409178755,0.17670530409429205,-0.7731348829219903,-0.16723263219487994,0.10152062501655962,-0.19740086398770781,-0.5046409940354423,-0.20131669710282205,0.07684756030998473,1.3943907469629422,-0.6711769137777632,-0.9037400612410769,-0.9766279943080093,-1.219199002500723,-1.3144556981218467,-1.8629578693176319,-1.9549627165111496,0.7112809710499935
Felodipine_N8_2,16.360703288799737,9.880615623354037,-0.8135920274042436,-0.8868582511822267,-12.639677849686564,-12.565799707871527,5.453246435410608,-0.47824261599823004,1.1307397216073418,3.074561536606275,0.9042493402121379,-0.7258525308059095,-1.929619100209671,-1.2658395525643062,-0.12343268123430863,4.5735941409178755,0.17670530409429205,-0.7731348829219903,-0.16723263219487994,0.10152062501655962,-0.19740086398770781,-0.5046409940354423,-0.22611588489305462,0.07684756030998473,1.3943907469629422,-0.7576954521138699,-1.1233110152728178,-1.252188059092424,-1.4191538055599766,-1.367011766574496,-0.5606129573759788,0.2730374329527742,0.16121904529757505
Felodipine_N9_1,16.360703288799737,9.880615623354037,-0.8135920274042436,-0.8868582511822267,-12.639677849686564,-12.565799707871527,5.453246435410608,-0.47824261599823004,1.1307397216073418,3.074561536606275,0.9042493402121379,-0.7258525308059095,-1.929619100209671,-1.2658395525643062,-0.12343268123430863,4.5735941409178755,0.17670530409429205,-0.7731348829219903,-0.16723263219487994,0.10152062501655962,-0.19740086398770781,-0.5046409940354423,1.7454195444304301,1.4729115726080424,1.3943907469629422,-1.2209009449660935,-1.6062361259322542,-1.711886422022915,-1.9229602811624582,-2.120775895205192,-3.0286963134962805,-3.350808771932932,-2.8622506477004794
Felodipine_N9_2,16.360703288799737,9.880615623354037,-0.8135920274042436,-0.8868582511822267,-12.639677849686564,-12.565799707871527,5.453246435410608,-0.47824261599823004,1.1307397216073418,3.074561536606275,0.9042493402121379,-0.7258525308059095,-1.929619100209671,-1.2658395525643062,-0.12343268123430863,4.5735941409178755,0.17670530409429205,-0.7731348829219903,-0.16723263219487994,0.10152062501655962,-0.19740086398770781,-0.5046409940354423,1.41476370722733,1.4729115726080424,1.3943907469629422,-0.9181986150910789,-1.4779648380694725,-1.6838183035932375,-1.9311006305618768,-2.0208803869986482,-2.8012745285310516,-2.5185813682496594,-2.211121184689283
Felodipine_N10_1,16.360703288799737,9.880615623354037,-0.8135920274042436,-0.8868582511822267,-12.639677849686564,-12.565799707871527,5.453246435410608,-0.47824261599823004,1.1307397216073418,3.074561536606275,0.9042493402121379,-0.7258525308059095,-1.929619100209671,-1.2658395525643062,-0.12343268123430863,4.5735941409178755,0.17670530409429205,-0.7731348829219903,-0.16723263219487994,0.10152062501655962,-0.19740086398770781,-0.5046409940354423,-0.10211994594189205,0.07684756030998473,0.03734975215079309,-0.8609036325176442,-1.2633458634078383,-1.4296395405140072,-1.4808143714339117,-1.504230416962092,-1.0881940666702903,-1.058757614121112,-0.4302284822219226
Felodipine_N10_2,16.360703288799737,9.880615623354037,-0.8135920274042436,-0.8868582511822267,-12.639677849686564,-12.565799707871527,5.453246435410608,-0.47824261599823004,1.1307397216073418,3.074561536606275,0.9042493402121379,-0.7258525308059095,-1.929619100209671,-1.2658395525643062,-0.12343268123430863,4.5735941409178755,0.17670530409429205,-0.7731348829219903,-0.16723263219487994,0.10152062501655962,-0.19740086398770781,-0.5046409940354423,-0.13931872762724076,0.07684756030998473,0.03734975215079309,0.399675462202487,0.10501634509700684,-0.09424991026776991,-0.17669028462214223,-0.3609748424929853,-0.39900680653427145,0.034663699962039204,-0.12200427377146052
Felodipine_N11_1,16.360703288799737,9.880615623354037,-0.8135920274042436,-0.8868582511822267,-12.639677849686564,-12.565799707871527,5.453246435410608,-0.47824261599823004,1.1307397216073418,3.074561536606275,0.9042493402121379,-0.7258525308059095,-1.929619100209671,-1.2658395525643062,-0.12343268123430863,4.5735941409178755,0.17670530409429205,-0.7731348829219903,-0.16723263219487994,0.10152062501655962,-0.19740086398770781,-0.5046409940354423,-0.10211994594189205,0.07684756030998473,0.03734975215079309,-0.8609036325176442,-1.2633458634078383,-1.4296395405140072,-1.4808143714339117,-1.504230416962092,-1.0881940666702903,-1.058757614121112,-0.4302284822219226
Felodipine_N11_2,16.360703288799737,9.880615623354037,-0.8135920274042436,-0.8868582511822267,-12.639677849686564,-12.565799707871527,5.453246435410608,-0.47824261599823004,1.1307397216073418,3.074561536606275,0.9042493402121379,-0.7258525308059095,-1.929619100209671,-1.2658395525643062,-0.12343268123430863,4.5735941409178755,0.17670530409429205,-0.7731348829219903,-0.16723263219487994,0.10152062501655962,-0.19740086398770781,-0.5046409940354423,-0.13931872762724076,0.07684756030998473,0.03734975215079309,0.399675462202487,0.10501634509700684,-0.09424991026776991,-0.17669028462214223,-0.3609748424929853,-0.39900680653427145,0.034663699962039204,-0.12200427377146052
Simvastatine_N1_1,33.506251335421624,-4.960884399093873,16.723897673790336,-3.443438303968306,7.3153733255387206,0.47208273959758507,-3.3722477513227607,0.1954116056932323,-2.43268454519789,5.0073353637345335,-0.6772537809960075,0.01072451816722844,0.10702053387672578,0.5221426982716085,-1.0724591174946254,5.69274079281087,1.3831620504200486,-0.8973501401705433,2.201994463897624,-1.1995273470438474,-0.6142308354910592,0.3441153726349262,-1.3048805537681687,-1.319216451988073,-1.319691242661356,-1.7366448909590844,-2.067915965139357,-1.6674093417282962,-1.182750427997076,-0.19335772324640085,1.0865867904415831,0.9357901697790766,0.7958981579272048
Simvastatine_N1_2,33.506251335421624,-4.960884399093873,16.723897673790336,-3.443438303968306,7.3153733255387206,0.47208273959758507,-3.3722477513227607,0.1954116056932323,-2.43268454519789,5.0073353637345335,-0.6772537809960075,0.01072451816722844,0.10702053387672578,0.5221426982716085,-1.0724591174946254,5.69274079281087,1.3831620504200486,-0.8973501401705433,2.201994463897624,-1.1995273470438474,-0.6142308354910592,0.3441153726349262,-1.337946137488479,-1.319216451988073,-1.319691242661356,-1.5981109116628565,-1.721487076834361,-1.0180502420434447,-0.7996773099828104,-0.12999121967666202,0.8624427942640921,0.6997541622577788,0.52709469885603
Simvastatine_N2_1,33.506251335421624,-4.960884399093873,16.723897673790336,-3.443438303968306,7.3153733255387206,0.47208273959758507,-3.3722477513227607,0.1954116056932323,-2.43268454519789,5.0073353637345335,-0.6772537809960075,0.01072451816722844,0.10702053387672578,0.5221426982716085,-1.0724591174946254,5.69274079281087,1.3831620504200486,-0.8973501401705433,2.201994463897624,-1.1995273470438474,-0.6142308354910592,0.3441153726349262,0.22026949533113077,0.07684756030998473,-1.319691242661356,-1.895036112230905,-1.8649411692124098,-1.804691094288017,-1.5053712471855982,-1.1294138526194224,-0.6241421432494245,-1.2509445459323547,-1.2635304082712553
Simvastatine_N2_2,33.506251335421624,-4.960884399093873,16.723897673790336,-3.443438303968306,7.3153733255387206,0.47208273959758507,-3.3722477513227607,0.1954116056932323,-2.43268454519789,5.0073353637345335,-0.6772537809960075,0.01072451816722844,0.10702053387672578,0.5221426982716085,-1.0724591174946254,5.69274079281087,1.3831620504200486,-0.8973501401705433,2.201994463897624,-1.1995273470438474,-0.6142308354910592,0.3441153726349262,0.1582715258555495,0.07684756030998473,-1.319691242661356,-1.4215524348520236,-1.2832972156355327,-0.8081357023326894,-0.34565596001841964,-0.5576756390006679,0.45958365632940984,0.00739107631118642,0.38537592933643094
Simvastatine_N3_1,33.506251335421624,-4.960884399093873,16.723897673790336,-3.443438303968306,7.3153733255387206,0.47208273959758507,-3.3722477513227607,0.1954116056932323,-2.43268454519789,5.0073353637345335,-0.6772537809960075,0.01072451816722844,0.10702053387672578,0.5221426982716085,-1.0724591174946254,5.69274079281087,1.3831620504200486,-0.8973501401705433,2.201994463897624,-1.1995273470438474,-0.6142308354910592,0.3441153726349262,1.2494357886257799,1.4729115726080424,-1.319691242661356,-1.894952524428174,-2.057154959705907,-1.9057920673935438,-1.0023055036752277,-0.7601531022321553,-0.29793555984948894,-0.4198443513563521,-0.7045148421519706
Simvastatine_N3_2,33.506251335421624,-4.960884399093873,16.723897673790336,-3.443438303968306,7.3153733255387206,0.47208273959758507,-3.3722477513227607,0.1954116056932323,-2.43268454519789,5.0073353637345335,-0.6772537809960075,0.01072451816722844,0.10702053387672578,0.5221426982716085,-1.0724591174946254,5.69274079281087,1.3831620504200486,-0.8973501401705433,2.201994463897624,-1.1995273470438474,-0.6142308354910592,0.3441153726349262,1.332099747926555,1.4729115726080424,-1.319691242661356,-1.6803908892716055,-1.730760735773216,-1.6044160198502226,-0.6708878571973518,-0.5851552562425808,-0.36839560608983796,0.1969064071510975,-0.0455603692341832
Simvastatine_N4_1,33.506251335421624,-4.960884399093873,16.723897673790336,-3.443438303968306,7.3153733255387206,0.47208273959758507,-3.3722477513227607,0.1954116056932323,-2.43268454519789,5.0073353637345335,-0.6772537809960075,0.01072451816722844,0.10702053387672578,0.5221426982716085,-1.0724591174946254,5.69274079281087,1.3831620504200486,-0.8973501401705433,2.201994463897624,-1.1995273470438474,-0.6142308354910592,0.3441153726349262,-1.284214563942975,-1.319216451988073,0.03734975215079309,-1.6386007117403174,-1.5052022008530057,-1.407580606946512,-1.1971391841908408,-1.023563622848933,-0.5126380029734455,0.6122707464789655,0.4274664895007904
Simvastatine_N4_2,33.506251335421624,-4.960884399093873,16.723897673790336,-3.443438303968306,7.3153733255387206,0.47208273959758507,-3.3722477513227607,0.1954116056932323,-2.43268454519789,5.0073353637345335,-0.6772537809960075,0.01072451816722844,0.10702053387672578,0.5221426982716085,-1.0724591174946254,5.69274079281087,1.3831620504200486,-0.8973501401705433,2.201994463897624,-1.1995273470438474,-0.6142308354910592,0.3441153726349262,-1.3751449191738276,-1.319216451988073,0.03734975215079309,-1.8239132384956145,-2.00443681731906,-1.7215085640263639,-1.146502951106104,-0.586065251234747,0.2200823051632675,0.6331193012376644,0.7622832319150648
Simvastatine_N5_1,33.506251335421624,-4.960884399093873,16.723897673790336,-3.443438303968306,7.3153733255387206,0.47208273959758507,-3.3722477513227607,0.1954116056932323,-2.43268454519789,5.0073353637345335,-0.6772537809960075,0.01072451816722844,0.10702053387672578,0.5221426982716085,-1.0724591174946254,5.69274079281087,1.3831620504200486,-0.8973501401705433,2.201994463897624,-1.1995273470438474,-0.6142308354910592,0.3441153726349262,-0.08972035204677563,0.07684756030998473,0.03734975215079309,-1.3354066458633655,-1.5429204094944384,-1.5145435840698505,-1.0743380539259162,-0.8408296740817267,-0.3837647954383768,0.347018669576211,0.7958981579272048
Simvastatine_N5_2,33.506251335421624,-4.960884399093873,16.723897673790336,-3.443438303968306,7.3153733255387206,0.47208273959758507,-3.3722477513227607,0.1954116056932323,-2.43268454519789,5.0073353637345335,-0.6772537809960075,0.01072451816722844,0.10702053387672578,0.5221426982716085,-1.0724591174946254,5.69274079281087,1.3831620504200486,-0.8973501401705433,2.201994463897624,-1.1995273470438474,-0.6142308354910592,0.3441153726349262,-0.07732075815165948,0.07684756030998473,0.03734975215079309,-1.2130827137839348,-1.4232206177605258,-1.3613305054756353,-1.0223631895085357,-0.7916626407246341,-0.5809926554013731,0.26625756804590645,0.10976937200155391
Simvastatine_N6_1,33.506251335421624,-4.960884399093873,16.723897673790336,-3.443438303968306,7.3153733255387206,0.47208273959758507,-3.3722477513227607,0.1954116056932323,-2.43268454519789,5.0073353637345335,-0.6772537809960075,0.01072451816722844,0.10702053387672578,0.5221426982716085,-1.0724591174946254,5.69274079281087,1.3831620504200486,-0.8973501401705433,2.201994463897624,-1.1995273470438474,-0.6142308354910592,0.3441153726349262,1.166771829325005,1.4729115726080424,0.03734975215079309,-1.6087959458178407,-1.4977258806322327,-1.4670310890787015,-0.9520746362656837,-0.6078298020506957,-0.12588110072960243,-0.12173361438940325,-0.23922700964372662
Simvastatine_N6_2,33.506251335421624,-4.960884399093873,16.723897673790336,-3.443438303968306,7.3153733255387206,0.47208273959758507,-3.3722477513227607,0.1954116056932323,-2.43268454519789,5.0073353637345335,-0.6772537809960075,0.01072451816722844,0.10702053387672578,0.5221426982716085,-1.0724591174946254,5.69274079281087,1.3831620504200486,-0.8973501401705433,2.201994463897624,-1.1995273470438474,-0.6142308354910592,0.3441153726349262,1.1254398496746174,1.4729115726080424,0.03734975215079309,-1.4068807472859197,-1.6127811471271691,-1.6068028380937103,-1.29075000815761,-1.0539566098375133,-0.6718218454984792,-0.4287035537825188,-0.43186447583760595
Simvastatine_N7_1,33.506251335421624,-4.960884399093873,16.723897673790336,-3.443438303968306,7.3153733255387206,0.47208273959758507,-3.3722477513227607,0.1954116056932323,-2.43268454519789,5.0073353637345335,-0.6772537809960075,0.01072451816722844,0.10702053387672578,0.5221426982716085,-1.0724591174946254,5.69274079281087,1.3831620504200486,-0.8973501401705433,2.201994463897624,-1.1995273470438474,-0.6142308354910592,0.3441153726349262,-1.2924809598730524,-1.319216451988073,1.3943907469629422,-1.3686687112239095,-1.578304660483045,-0.8478092285932911,-0.5384641854884924,0.10130882915302765,0.9607044244803836,0.9221097709498265,0.7958981579272048
Simvastatine_N7_2,33.506251335421624,-4.960884399093873,16.723897673790336,-3.443438303968306,7.3153733255387206,0.47208273959758507,-3.3722477513227607,0.1954116056932323,-2.43268454519789,5.0073353637345335,-0.6772537809960075,0.01072451816722844,0.10702053387672578,0.5221426982716085,-1.0724591174946254,5.69274079281087,1.3831620504200486,-0.8973501401705433,2.201994463897624,-1.1995273470438474,-0.6142308354910592,0.3441153726349262,-1.3627453252787114,-1.319216451988073,1.3943907469629422,-1.42803130632451,-1.5845694852611498,-0.861403386952384,-0.5565750545752666,0.07749507059882701,0.9182696268919952,0.8702669182191911,0.7958981579272048
Simvastatine_N8_1,33.506251335421624,-4.960884399093873,16.723897673790336,-3.443438303968306,7.3153733255387206,0.47208273959758507,-3.3722477513227607,0.1954116056932323,-2.43268454519789,5.0073353637345335,-0.6772537809960075,0.01072451816722844,0.10702053387672578,0.5221426982716085,-1.0724591174946254,5.69274079281087,1.3831620504200486,-0.8973501401705433,2.201994463897624,-1.1995273470438474,-0.6142308354910592,0.3441153726349262,0.009476399114154365,0.07684756030998473,1.3943907469629422,-1.6680694397057745,-1.6214965741201453,-1.6117255624769309,-1.528855143712415,-1.5986608100764401,-1.8903729788229127,-1.3312241923869677,-0.7777276985407227
Simvastatine_N8_2,33.506251335421624,-4.960884399093873,16.723897673790336,-3.443438303968306,7.3153733255387206,0.47208273959758507,-3.3722477513227607,0.1954116056932323,-2.43268454519789,5.0073353637345335,-0.6772537809960075,0.01072451816722844,0.10702053387672578,0.5221426982716085,-1.0724591174946254,5.69274079281087,1.3831620504200486,-0.8973501401705433,2.201994463897624,-1.1995273470438474,-0.6142308354910592,0.3441153726349262,-0.015322788676078206,0.07684756030998473,1.3943907469629422,-1.47925122860328,-1.5965711437197367,-1.5401860119367026,-1.4282632015815164,-1.4466286397884103,-1.5893964845727215,-0.9527446612920806,-0.566881288513507
Simvastatine_N9_1,33.506251335421624,-4.960884399093873,16.723897673790336,-3.443438303968306,7.3153733255387206,0.47208273959758507,-3.3722477513227607,0.1954116056932323,-2.43268454519789,5.0073353637345335,-0.6772537809960075,0.01072451816722844,0.10702053387672578,0.5221426982716085,-1.0724591174946254,5.69274079281087,1.3831620504200486,-0.8973501401705433,2.201994463897624,-1.1995273470438474,-0.6142308354910592,0.3441153726349262,1.0634418801990362,1.4729115726080424,1.3943907469629422,-1.4422831477039573,-1.4481286524025543,-1.4012749123194013,-1.3838667865164516,-0.9777652265864476,-0.7469093301662155,-0.314751014159218,-0.27468324932347427
Simvastatine_N9_2,33.506251335421624,-4.960884399093873,16.723897673790336,-3.443438303968306,7.3153733255387206,0.47208273959758507,-3.3722477513227607,0.1954116056932323,-2.43268454519789,5.0073353637345335,-0.6772537809960075,0.01072451816722844,0.10702053387672578,0.5221426982716085,-1.0724591174946254,5.69274079281087,1.3831620504200486,-0.8973501401705433,2.201994463897624,-1.1995273470438474,-0.6142308354910592,0.3441153726349262,0.9394459412478735,1.4729115726080424,1.3943907469629422,-0.9704105904502414,-1.2482323922332914,-1.1897090113269402,-1.4299480422045336,-1.3262785132070098,-1.214376607305228,-0.7312050406897641,-0.6721568294484497
Simvastatine_N10_1,33.506251335421624,-4.960884399093873,16.723897673790336,-3.443438303968306,7.3153733255387206,0.47208273959758507,-3.3722477513227607,0.1954116056932323,-2.43268454519789,5.0073353637345335,-0.6772537809960075,0.01072451816722844,0.10702053387672578,0.5221426982716085,-1.0724591174946254,5.69274079281087,1.3831620504200486,-0.8973501401705433,2.201994463897624,-1.1995273470438474,-0.6142308354910592,0.3441153726349262,-0.08972035204677563,0.07684756030998473,0.03734975215079309,-1.3059807302652782,-0.9792643410368268,-0.7660166469703316,-0.36576523629360175,-0.014813969759779578,0.3801340135484306,0.29810176702708235,0.12864577892963194
Simvastatine_N10_2,33.506251335421624,-4.960884399093873,16.723897673790336,-3.443438303968306,7.3153733255387206,0.47208273959758507,-3.3722477513227607,0.1954116056932323,-2.43268454519789,5.0073353637345335,-0.6772537809960075,0.01072451816722844,0.10702053387672578,0.5221426982716085,-1.0724591174946254,5.69274079281087,1.3831620504200486,-0.8973501401705433,2.201994463897624,-1.1995273470438474,-0.6142308354910592,0.3441153726349262,0.009476399114154365,0.07684756030998473,0.03734975215079309,-1.5143190307057677,-1.435496742373991,-1.3338170266638292,-1.1400149310632683,-0.8169090424245598,-0.49278488182782376,0.08720598011567236,0.07309793843439563
Simvastatine_N11_1,33.506251335421624,-4.960884399093873,16.723897673790336,-3.443438303968306,7.3153733255387206,0.47208273959758507,-3.3722477513227607,0.1954116056932323,-2.43268454519789,5.0073353637345335,-0.6772537809960075,0.01072451816722844,0.10702053387672578,0.5221426982716085,-1.0724591174946254,5.69274079281087,1.3831620504200486,-0.8973501401705433,2.201994463897624,-1.1995273470438474,-0.6142308354910592,0.3441153726349262,-0.10211994594189205,0.07684756030998473,0.03734975215079309,-1.405663082028133,-1.3727965385554644,-1.1645215668381617,-0.7851665061909521,-0.3263967727410558,0.06658202140889218,0.37672564495256333,0.40902847274588905
Simvastatine_N11_2,33.506251335421624,-4.960884399093873,16.723897673790336,-3.443438303968306,7.3153733255387206,0.47208273959758507,-3.3722477513227607,0.1954116056932323,-2.43268454519789,5.0073353637345335,-0.6772537809960075,0.01072451816722844,0.10702053387672578,0.5221426982716085,-1.0724591174946254,5.69274079281087,1.3831620504200486,-0.8973501401705433,2.201994463897624,-1.1995273470438474,-0.6142308354910592,0.3441153726349262,-0.04012197646631078,0.07684756030998473,0.03734975215079309,-1.5364663181485183,-1.312787369631298,-1.412653795536003,-1.3464956822261056,-0.9586263365478411,-0.6976702958263391,-0.231656391017474,0.055473533185943696
Carvedilol_N1_1,25.92316979320111,-7.855467109163326,-20.28357599618512,7.109874744314634,1.7354427320771864,13.360426143453669,8.032062018656212,-2.7430865763738304,-1.6791221724747551,4.8847447245142375,-0.9239312059356298,1.203766638054772,2.102932765465163,-0.1038464395428706,1.6579268516799595,5.513517877623469,0.34726477535293804,1.795729476807313,-1.1742047499551094,2.9458285495470844,0.590652507838692,-0.8599842898353572,-1.3708050613105367,-1.319216451988073,-1.319691242661356,-0.3866569469391589,-0.24089238784793898,-0.10615335730826819,0.23132244003925562,0.7257443567548908,0.9297099821844591,0.77783639035362,0.6954983904276196
Carvedilol_N1_2,25.92316979320111,-7.855467109163326,-20.28357599618512,7.109874744314634,1.7354427320771864,13.360426143453669,8.032062018656212,-2.7430865763738304,-1.6791221724747551,4.8847447245142375,-0.9239312059356298,1.203766638054772,2.102932765465163,-0.1038464395428706,1.6579268516799595,5.513517877623469,0.34726477535293804,1.795729476807313,-1.1742047499551094,2.9458285495470844,0.590652507838692,-0.8599842898353572,-1.3522470024475128,-1.319216451988073,-1.319691242661356,-0.5107504063832502,-0.23097033427671482,0.3551620194282047,1.1952041321830822,1.9300691523409588,0.894587170668037,0.5124823255055404,0.47948499105097336
Carvedilol_N2_1,25.92316979320111,-7.855467109163326,-20.28357599618512,7.109874744314634,1.7354427320771864,13.360426143453669,8.032062018656212,-2.7430865763738304,-1.6791221724747551,4.8847447245142375,-0.9239312059356298,1.203766638054772,2.102932765465163,-0.1038464395428706,1.6579268516799595,5.513517877623469,0.34726477535293804,1.795729476807313,-1.1742047499551094,2.9458285495470844,0.590652507838692,-0.8599842898353572,0.1647193146810099,0.07684756030998473,-1.319691242661356,-1.1813048409797917,-1.0277177722878919,-0.9569932742150625,-0.9422424184313613,-0.7765835340562857,-0.7623658776804721,0.5169435979105126,0.47008957692873804
Carvedilol_N2_2,25.92316979320111,-7.855467109163326,-20.28357599618512,7.109874744314634,1.7354427320771864,13.360426143453669,8.032062018656212,-2.7430865763738304,-1.6791221724747551,4.8847447245142375,-0.9239312059356298,1.203766638054772,2.102932765465163,-0.1038464395428706,1.6579268516799595,5.513517877623469,0.34726477535293804,1.795729476807313,-1.1742047499551094,2.9458285495470844,0.590652507838692,-0.8599842898353572,0.13806018780650983,0.07684756030998473,-1.319691242661356,-0.9378167789596227,-0.9971508960710792,-0.7322724880466274,-0.18858903845463895,-0.20175088773170385,-0.07946188692192074,-0.6185054459902821,0.6604335693039759
Carvedilol_N4_1,25.92316979320111,-7.855467109163326,-20.28357599618512,7.109874744314634,1.7354427320771864,13.360426143453669,8.032062018656212,-2.7430865763738304,-1.6791221724747551,4.8847447245142375,-0.9239312059356298,1.203766638054772,2.102932765465163,-0.1038464395428706,1.6579268516799595,5.513517877623469,0.34726477535293804,1.795729476807313,-1.1742047499551094,2.9458285495470844,0.590652507838692,-0.8599842898353572,-1.2619366269114163,-1.319216451988073,0.03734975215079309,0.2763188788304255,-0.129399571231823,-0.3859310180952823,-0.1534166096008916,-0.37491065113318595,-0.10162163580020972,0.8437393212170233,0.7488526289933702
Carvedilol_N4_2,25.92316979320111,-7.855467109163326,-20.28357599618512,7.109874744314634,1.7354427320771864,13.360426143453669,8.032062018656212,-2.7430865763738304,-1.6791221724747551,4.8847447245142375,-0.9239312059356298,1.203766638054772,2.102932765465163,-0.1038464395428706,1.6579268516799595,5.513517877623469,0.34726477535293804,1.795729476807313,-1.1742047499551094,2.9458285495470844,0.590652507838692,-0.8599842898353572,-1.299796720271171,-1.319216451988073,0.03734975215079309,-0.10748790530123829,-0.15490474174903893,0.0007442850063726237,0.28450013946721525,0.3097319307195136,0.35306004684951525,0.7487151581858942,0.6293186663634073
Carvedilol_N5_1,25.92316979320111,-7.855467109163326,-20.28357599618512,7.109874744314634,1.7354427320771864,13.360426143453669,8.032062018656212,-2.7430865763738304,-1.6791221724747551,4.8847447245142375,-0.9239312059356298,1.203766638054772,2.102932765465163,-0.1038464395428706,1.6579268516799595,5.513517877623469,0.34726477535293804,1.795729476807313,-1.1742047499551094,2.9458285495470844,0.590652507838692,-0.8599842898353572,0.18083878674466075,0.07684756030998473,0.03734975215079309,-0.783198148366835,-0.5494074688873228,-0.4976933298759746,-0.22373202119982408,-0.15407298446758808,-0.1347442224479162,0.38364596265683876,0.579052554484964
Carvedilol_N5_2,25.92316979320111,-7.855467109163326,-20.28357599618512,7.109874744314634,1.7354427320771864,13.360426143453669,8.032062018656212,-2.7430865763738304,-1.6791221724747551,4.8847447245142375,-0.9239312059356298,1.203766638054772,2.102932765465163,-0.1038464395428706,1.6579268516799595,5.513517877623469,0.34726477535293804,1.795729476807313,-1.1742047499551094,2.9458285495470844,0.590652507838692,-0.8599842898353572,0.3327338119598351,0.07684756030998473,0.03734975215079309,-0.24431264044811268,0.11420448502527257,0.8775629034192903,0.8311119175854156,0.4125758634617848,0.4287231498264638,0.7287471160313792,0.6390968568664517
Carvedilol_N6_1,25.92316979320111,-7.855467109163326,-20.28357599618512,7.109874744314634,1.7354427320771864,13.360426143453669,8.032062018656212,-2.7430865763738304,-1.6791221724747551,4.8847447245142375,-0.9239312059356298,1.203766638054772,2.102932765465163,-0.1038464395428706,1.6579268516799595,5.513517877623469,0.34726477535293804,1.795729476807313,-1.1742047499551094,2.9458285495470844,0.590652507838692,-0.8599842898353572,1.1564388344124081,1.4729115726080424,0.03734975215079309,-0.6482728632413386,-0.30303118772669496,-0.048689925126256396,-0.14040080640699196,-0.2534304915494443,0.15145968758547287,-0.2438450709249524,-0.5160538172679829
Carvedilol_N6_2,25.92316979320111,-7.855467109163326,-20.28357599618512,7.109874744314634,1.7354427320771864,13.360426143453669,8.032062018656212,-2.7430865763738304,-1.6791221724747551,4.8847447245142375,-0.9239312059356298,1.203766638054772,2.102932765465163,-0.1038464395428706,1.6579268516799595,5.513517877623469,0.34726477535293804,1.795729476807313,-1.1742047499551094,2.9458285495470844,0.590652507838692,-0.8599842898353572,1.1630519511564699,1.4729115726080424,0.03734975215079309,-0.8830674725504287,-0.7632051261869026,-0.6975092157037843,-0.5223418789068448,-0.5207192524243981,-0.1361500009346282,-0.3495418341506403,-0.6678687153538458
Carvedilol_N7_1,25.92316979320111,-7.855467109163326,-20.28357599618512,7.109874744314634,1.7354427320771864,13.360426143453669,8.032062018656212,-2.7430865763738304,-1.6791221724747551,4.8847447245142375,-0.9239312059356298,1.203766638054772,2.102932765465163,-0.1038464395428706,1.6579268516799595,5.513517877623469,0.34726477535293804,1.795729476807313,-1.1742047499551094,2.9458285495470844,0.590652507838692,-0.8599842898353572,-1.3053765375239734,-1.319216451988073,1.3943907469629422,0.6008058930143999,0.6301304073830677,0.31904000024765305,0.23611916494479182,0.0874581919019021,1.0219227456462805,0.9357901697790766,0.7958981579272048
Carvedilol_N7_2,25.92316979320111,-7.855467109163326,-20.28357599618512,7.109874744314634,1.7354427320771864,13.360426143453669,8.032062018656212,-2.7430865763738304,-1.6791221724747551,4.8847447245142375,-0.9239312059356298,1.203766638054772,2.102932765465163,-0.1038464395428706,1.6579268516799595,5.513517877623469,0.34726477535293804,1.795729476807313,-1.1742047499551094,2.9458285495470844,0.590652507838692,-0.8599842898353572,-1.387048529313139,-1.319216451988073,1.3943907469629422,-0.3743582404304053,2.043429896123187,1.2904538108779735,-0.030954893934505973,0.4866675131252066,0.8745033489859835,0.676657457809315,0.7958981579272048
Carvedilol_N8_1,25.92316979320111,-7.855467109163326,-20.28357599618512,7.109874744314634,1.7354427320771864,13.360426143453669,8.032062018656212,-2.7430865763738304,-1.6791221724747551,4.8847447245142375,-0.9239312059356298,1.203766638054772,2.102932765465163,-0.1038464395428706,1.6579268516799595,5.513517877623469,0.34726477535293804,1.795729476807313,-1.1742047499551094,2.9458285495470844,0.590652507838692,-0.8599842898353572,-0.07422085967788031,0.07684756030998473,1.3943907469629422,-0.05163771525255468,0.39293912342782467,0.7235789366852645,1.2026388178676566,1.6470620729536858,0.7365893903921692,0.35990331905466877,0.19104698562725367
Carvedilol_N8_2,25.92316979320111,-7.855467109163326,-20.28357599618512,7.109874744314634,1.7354427320771864,13.360426143453669,8.032062018656212,-2.7430865763738304,-1.6791221724747551,4.8847447245142375,-0.9239312059356298,1.203766638054772,2.102932765465163,-0.1038464395428706,1.6579268516799595,5.513517877623469,0.34726477535293804,1.795729476807313,-1.1742047499551094,2.9458285495470844,0.590652507838692,-0.8599842898353572,0.07383029142980782,0.07684756030998473,1.3943907469629422,0.12484858794685126,0.9845598213706015,1.0816461971986115,1.2570735424571187,0.7858187385572598,0.6745248709840425,0.3272252057018071,0.10284980004589797
Carvedilol_N10_1,25.92316979320111,-7.855467109163326,-20.28357599618512,7.109874744314634,1.7354427320771864,13.360426143453669,8.032062018656212,-2.7430865763738304,-1.6791221724747551,4.8847447245142375,-0.9239312059356298,1.203766638054772,2.102932765465163,-0.1038464395428706,1.6579268516799595,5.513517877623469,0.34726477535293804,1.795729476807313,-1.1742047499551094,2.9458285495470844,0.590652507838692,-0.8599842898353572,0.179846819233052,0.07684756030998473,0.03734975215079309,-0.30673640355835796,0.20103116397322296,0.10926317929916887,0.8872451639454534,0.4941459458929359,0.9325472339489732,0.8884154048439344,0.7419466408642796
Carvedilol_N10_2,25.92316979320111,-7.855467109163326,-20.28357599618512,7.109874744314634,1.7354427320771864,13.360426143453669,8.032062018656212,-2.7430865763738304,-1.6791221724747551,4.8847447245142375,-0.9239312059356298,1.203766638054772,2.102932765465163,-0.1038464395428706,1.6579268516799595,5.513517877623469,0.34726477535293804,1.795729476807313,-1.1742047499551094,2.9458285495470844,0.590652507838692,-0.8599842898353572,0.2732157612632771,0.07684756030998473,0.03734975215079309,0.10334438010485349,0.3596011262943618,0.697289399627688,0.8850194471604323,2.1169246255932164,0.8181191474614558,0.8458912110849957,0.7544186942342369
Carvedilol_N11_1,25.92316979320111,-7.855467109163326,-20.28357599618512,7.109874744314634,1.7354427320771864,13.360426143453669,8.032062018656212,-2.7430865763738304,-1.6791221724747551,4.8847447245142375,-0.9239312059356298,1.203766638054772,2.102932765465163,-0.1038464395428706,1.6579268516799595,5.513517877623469,0.34726477535293804,1.795729476807313,-1.1742047499551094,2.9458285495470844,0.590652507838692,-0.8599842898353572,0.19720625068621456,0.07684756030998473,0.03734975215079309,-0.8372654423314398,-0.7301538883650369,-0.7176600063530546,-0.30865875260444686,-0.12746809632661316,0.09275255973088871,0.5286747937362724,0.4522019412844686
Carvedilol_N11_2,25.92316979320111,-7.855467109163326,-20.28357599618512,7.109874744314634,1.7354427320771864,13.360426143453669,8.032062018656212,-2.7430865763738304,-1.6791221724747551,4.8847447245142375,-0.9239312059356298,1.203766638054772,2.102932765465163,-0.1038464395428706,1.6579268516799595,5.513517877623469,0.34726477535293804,1.795729476807313,-1.1742047499551094,2.9458285495470844,0.590652507838692,-0.8599842898353572,0.14673990353309124,0.07684756030998473,0.03734975215079309,-0.8784504525495542,0.42944504851201853,0.40291132897932747,0.18816962496544473,-0.2750752303512163,-0.4154518374049433,0.01608258443810908,-0.1328956848021663
Aciclovir_N1_1,-11.534078687817882,-4.412330901063614,-12.70680505874581,-5.116240072462933,14.250867730812232,-11.004294309440079,-5.75050863107504,-2.922660588155165,4.704543369660338,-2.107213969757818,-0.4041711734544194,-3.991222878315296,-0.3031938182082924,1.1091230888579182,0.6857887046037238,-4.54186757605601,-1.895325142417378,2.5241093484858754,1.7417012440034925,1.4325384591018264,-0.06896101840813935,0.5644262230334695,-1.23461618836251,-1.319216451988073,-1.319691242661356,-0.04736665399176091,0.13181786905707182,0.20841114894165966,0.4553602261431743,0.5510770820979635,0.9358356549362828,0.7627568010516784,0.6570968108014881
Aciclovir_N1_2,-11.534078687817882,-4.412330901063614,-12.70680505874581,-5.116240072462933,14.250867730812232,-11.004294309440079,-5.75050863107504,-2.922660588155165,4.704543369660338,-2.107213969757818,-0.4041711734544194,-3.991222878315296,-0.3031938182082924,1.1091230888579182,0.6857887046037238,-4.54186757605601,-1.895325142417378,2.5241093484858754,1.7417012440034925,1.4325384591018264,-0.06896101840813935,0.5644262230334695,-1.2263497924324325,-1.319216451988073,-1.319691242661356,0.14415884916745622,0.2979896586334794,0.2752138339164368,0.07496749396977379,-0.14869095613632077,0.030776478381150104,0.6364009288874662,0.5350137290442455
Aciclovir_N2_1,-11.534078687817882,-4.412330901063614,-12.70680505874581,-5.116240072462933,14.250867730812232,-11.004294309440079,-5.75050863107504,-2.922660588155165,4.704543369660338,-2.107213969757818,-0.4041711734544194,-3.991222878315296,-0.3031938182082924,1.1091230888579182,0.6857887046037238,-4.54186757605601,-1.895325142417378,2.5241093484858754,1.7417012440034925,1.4325384591018264,-0.06896101840813935,0.5644262230334695,0.04667518079950307,0.07684756030998473,-1.319691242661356,-0.3554219941020979,-0.449381149493192,-0.49707665900496567,-0.5647159356963013,-0.6028718342151467,-0.13141170050987694,0.6181803872577447,0.5367588298055203
Aciclovir_N2_2,-11.534078687817882,-4.412330901063614,-12.70680505874581,-5.116240072462933,14.250867730812232,-11.004294309440079,-5.75050863107504,-2.922660588155165,4.704543369660338,-2.107213969757818,-0.4041711734544194,-3.991222878315296,-0.3031938182082924,1.1091230888579182,0.6857887046037238,-4.54186757605601,-1.895325142417378,2.5241093484858754,1.7417012440034925,1.4325384591018264,-0.06896101840813935,0.5644262230334695,0.09627355637996822,0.07684756030998473,-1.319691242661356,-0.4940573923310384,-0.6931902164224197,-0.739295682281545,-0.871550296057923,-0.7444850088824012,0.13689336992857576,-0.367291045760599,0.64977012809301
Aciclovir_N3_1,-11.534078687817882,-4.412330901063614,-12.70680505874581,-5.116240072462933,14.250867730812232,-11.004294309440079,-5.75050863107504,-2.922660588155165,4.704543369660338,-2.107213969757818,-0.4041711734544194,-3.991222878315296,-0.3031938182082924,1.1091230888579182,0.6857887046037238,-4.54186757605601,-1.895325142417378,2.5241093484858754,1.7417012440034925,1.4325384591018264,-0.06896101840813935,0.5644262230334695,1.5180936563532987,1.4729115726080424,-1.319691242661356,-0.2470355916549702,0.16554496437135233,0.5991590368932666,0.6076500030238753,0.7449446458850997,1.0807941856848722,0.7762368368107287,0.6675702906261974
Aciclovir_N3_2,-11.534078687817882,-4.412330901063614,-12.70680505874581,-5.116240072462933,14.250867730812232,-11.004294309440079,-5.75050863107504,-2.922660588155165,4.704543369660338,-2.107213969757818,-0.4041711734544194,-3.991222878315296,-0.3031938182082924,1.1091230888579182,0.6857887046037238,-4.54186757605601,-1.895325142417378,2.5241093484858754,1.7417012440034925,1.4325384591018264,-0.06896101840813935,0.5644262230334695,1.5387596461784927,1.4729115726080424,-1.319691242661356,0.42483458163946,0.38789415742394556,0.593709026250452,0.8461821450520518,1.1103171347969711,0.9988569166657617,0.6741393857811502,0.5806528423910269
Aciclovir_N4_1,-11.534078687817882,-4.412330901063614,-12.70680505874581,-5.116240072462933,14.250867730812232,-11.004294309440079,-5.75050863107504,-2.922660588155165,4.704543369660338,-2.107213969757818,-0.4041711734544194,-3.991222878315296,-0.3031938182082924,1.1091230888579182,0.6857887046037238,-4.54186757605601,-1.895325142417378,2.5241093484858754,1.7417012440034925,1.4325384591018264,-0.06896101840813935,0.5644262230334695,-1.2924809598730524,-1.319216451988073,0.03734975215079309,-0.07247476038943494,0.2632052534333117,0.17647602435590184,0.5513642811724007,2.147028613605279,0.8829183726553284,0.7774305485452072,0.7544021141330932
Aciclovir_N4_2,-11.534078687817882,-4.412330901063614,-12.70680505874581,-5.116240072462933,14.250867730812232,-11.004294309440079,-5.75050863107504,-2.922660588155165,4.704543369660338,-2.107213969757818,-0.4041711734544194,-3.991222878315296,-0.3031938182082924,1.1091230888579182,0.6857887046037238,-4.54186757605601,-1.895325142417378,2.5241093484858754,1.7417012440034925,1.4325384591018264,-0.06896101840813935,0.5644262230334695,-1.30074735580313,-1.319216451988073,0.03734975215079309,-0.0967798568767899,0.027433894566313923,0.24713856282248794,0.5294799499564086,2.3135034533041616,1.014827451840305,0.7897534276724975,0.7544121938437421
Aciclovir_N5_1,-11.534078687817882,-4.412330901063614,-12.70680505874581,-5.116240072462933,14.250867730812232,-11.004294309440079,-5.75050863107504,-2.922660588155165,4.704543369660338,-2.107213969757818,-0.4041711734544194,-3.991222878315296,-0.3031938182082924,1.1091230888579182,0.6857887046037238,-4.54186757605601,-1.895325142417378,2.5241093484858754,1.7417012440034925,1.4325384591018264,-0.06896101840813935,0.5644262230334695,0.009476399114154365,0.07684756030998473,0.03734975215079309,0.2686745037212078,0.2400810290919704,0.03999695985894856,-0.09035540171672622,0.21186781169345412,0.8144201828542265,0.7674720295801057,0.6609297471211927
Aciclovir_N5_2,-11.534078687817882,-4.412330901063614,-12.70680505874581,-5.116240072462933,14.250867730812232,-11.004294309440079,-5.75050863107504,-2.922660588155165,4.704543369660338,-2.107213969757818,-0.4041711734544194,-3.991222878315296,-0.3031938182082924,1.1091230888579182,0.6857887046037238,-4.54186757605601,-1.895325142417378,2.5241093484858754,1.7417012440034925,1.4325384591018264,-0.06896101840813935,0.5644262230334695,0.03427558690438694,0.07684756030998473,0.03734975215079309,0.5638880541275345,0.20379413645071545,-0.14807494320483827,-0.2546218322097007,-0.025161290606318974,0.35024989201390855,0.8435625699314524,0.735828347424347
Aciclovir_N6_1,-11.534078687817882,-4.412330901063614,-12.70680505874581,-5.116240072462933,14.250867730812232,-11.004294309440079,-5.75050863107504,-2.922660588155165,4.704543369660338,-2.107213969757818,-0.4041711734544194,-3.991222878315296,-0.3031938182082924,1.1091230888579182,0.6857887046037238,-4.54186757605601,-1.895325142417378,2.5241093484858754,1.7417012440034925,1.4325384591018264,-0.06896101840813935,0.5644262230334695,1.3940977174021363,1.4729115726080424,0.03734975215079309,0.6539067298632341,0.4514095053275259,0.40290006928654454,0.5303013960860968,1.1664924211026466,0.7401103270949159,0.3802901886157179,0.22917989794318586
Aciclovir_N6_2,-11.534078687817882,-4.412330901063614,-12.70680505874581,-5.116240072462933,14.250867730812232,-11.004294309440079,-5.75050863107504,-2.922660588155165,4.704543369660338,-2.107213969757818,-0.4041711734544194,-3.991222878315296,-0.3031938182082924,1.1091230888579182,0.6857887046037238,-4.54186757605601,-1.895325142417378,2.5241093484858754,1.7417012440034925,1.4325384591018264,-0.06896101840813935,0.5644262230334695,1.4354296970525238,1.4729115726080424,0.03734975215079309,0.2912400112913885,0.31582647839427846,0.3803338090350302,0.4834844414853138,0.7912567597066232,0.7364150341989275,0.38938874772002935,0.23579244132283833
Aciclovir_N7_1,-11.534078687817882,-4.412330901063614,-12.70680505874581,-5.116240072462933,14.250867730812232,-11.004294309440079,-5.75050863107504,-2.922660588155165,4.704543369660338,-2.107213969757818,-0.4041711734544194,-3.991222878315296,-0.3031938182082924,1.1091230888579182,0.6857887046037238,-4.54186757605601,-1.895325142417378,2.5241093484858754,1.7417012440034925,1.4325384591018264,-0.06896101840813935,0.5644262230334695,-1.2924809598730524,-1.319216451988073,1.3943907469629422,0.8412256051794662,0.9950207676356023,0.8819675288992087,1.1791053824064581,1.3550043329904204,0.9608014751880425,0.7434117565718518,0.6175374640395397
Aciclovir_N7_2,-11.534078687817882,-4.412330901063614,-12.70680505874581,-5.116240072462933,14.250867730812232,-11.004294309440079,-5.75050863107504,-2.922660588155165,4.704543369660338,-2.107213969757818,-0.4041711734544194,-3.991222878315296,-0.3031938182082924,1.1091230888579182,0.6857887046037238,-4.54186757605601,-1.895325142417378,2.5241093484858754,1.7417012440034925,1.4325384591018264,-0.06896101840813935,0.5644262230334695,-1.284214563942975,-1.319216451988073,1.3943907469629422,1.5335556296176174,1.54824864322938,1.2465411201879333,0.901319771811906,0.5395062872811133,0.637964107660578,0.7226946044232965,0.5938483165885511
Aciclovir_N8_1,-11.534078687817882,-4.412330901063614,-12.70680505874581,-5.116240072462933,14.250867730812232,-11.004294309440079,-5.75050863107504,-2.922660588155165,4.704543369660338,-2.107213969757818,-0.4041711734544194,-3.991222878315296,-0.3031938182082924,1.1091230888579182,0.6857887046037238,-4.54186757605601,-1.895325142417378,2.5241093484858754,1.7417012440034925,1.4325384591018264,-0.06896101840813935,0.5644262230334695,0.31946624649206073,0.07684756030998473,1.3943907469629422,-0.4729680056492215,-0.33334044521415573,-0.3275138186354346,-0.07679207217435811,0.13239261785493894,0.6351800399147023,0.5672152142032085,0.4159028840191803
Aciclovir_N8_2,-11.534078687817882,-4.412330901063614,-12.70680505874581,-5.116240072462933,14.250867730812232,-11.004294309440079,-5.75050863107504,-2.922660588155165,4.704543369660338,-2.107213969757818,-0.4041711734544194,-3.991222878315296,-0.3031938182082924,1.1091230888579182,0.6857887046037238,-4.54186757605601,-1.895325142417378,2.5241093484858754,1.7417012440034925,1.4325384591018264,-0.06896101840813935,0.5644262230334695,0.34426543428229334,0.07684756030998473,1.3943907469629422,-0.4626554742816152,-0.3686662746193352,-0.3675805045377147,-0.14747107810505605,0.009275988692743492,0.4444744362224122,0.6695101353353423,0.5330613525234693
Aciclovir_N9_1,-11.534078687817882,-4.412330901063614,-12.70680505874581,-5.116240072462933,14.250867730812232,-11.004294309440079,-5.75050863107504,-2.922660588155165,4.704543369660338,-2.107213969757818,-0.4041711734544194,-3.991222878315296,-0.3031938182082924,1.1091230888579182,0.6857887046037238,-4.54186757605601,-1.895325142417378,2.5241093484858754,1.7417012440034925,1.4325384591018264,-0.06896101840813935,0.5644262230334695,2.034743401983143,1.4729115726080424,1.3943907469629422,0.4108957391010518,1.2009581268638319,1.6210979409852402,2.2314535850653843,1.4275092914685603,1.1507827359612204,0.8630203005767803,0.7544621228850318
Aciclovir_N9_2,-11.534078687817882,-4.412330901063614,-12.70680505874581,-5.116240072462933,14.250867730812232,-11.004294309440079,-5.75050863107504,-2.922660588155165,4.704543369660338,-2.107213969757818,-0.4041711734544194,-3.991222878315296,-0.3031938182082924,1.1091230888579182,0.6857887046037238,-4.54186757605601,-1.895325142417378,2.5241093484858754,1.7417012440034925,1.4325384591018264,-0.06896101840813935,0.5644262230334695,2.014077412157949,1.4729115726080424,1.3943907469629422,0.28416324286764943,1.1533759081076589,1.652145322709494,2.5097304207175997,1.806001539910013,0.8935852014637691,0.8630381075220082,0.754472262372907
Aciclovir_N10_1,-11.534078687817882,-4.412330901063614,-12.70680505874581,-5.116240072462933,14.250867730812232,-11.004294309440079,-5.75050863107504,-2.922660588155165,4.704543369660338,-2.107213969757818,-0.4041711734544194,-3.991222878315296,-0.3031938182082924,1.1091230888579182,0.6857887046037238,-4.54186757605601,-1.895325142417378,2.5241093484858754,1.7417012440034925,1.4325384591018264,-0.06896101840813935,0.5644262230334695,0.2574682770164795,0.07684756030998473,0.03734975215079309,-0.3624737316071008,-0.03548411008790387,0.09866478456477183,0.4700758895138696,1.9113050059748018,0.7192455456310802,0.7076601390639055,0.7543747103610704
Aciclovir_N10_2,-11.534078687817882,-4.412330901063614,-12.70680505874581,-5.116240072462933,14.250867730812232,-11.004294309440079,-5.75050863107504,-2.922660588155165,4.704543369660338,-2.107213969757818,-0.4041711734544194,-3.991222878315296,-0.3031938182082924,1.1091230888579182,0.6857887046037238,-4.54186757605601,-1.895325142417378,2.5241093484858754,1.7417012440034925,1.4325384591018264,-0.06896101840813935,0.5644262230334695,0.1954703075408982,0.07684756030998473,0.03734975215079309,-0.050135669870094275,0.25313492193563497,0.6213360942686933,0.8469178969218805,2.1132865661086075,0.815874167884642,0.8457730434465721,0.7544139401097429
Aciclovir_N11_1,-11.534078687817882,-4.412330901063614,-12.70680505874581,-5.116240072462933,14.250867730812232,-11.004294309440079,-5.75050863107504,-2.922660588155165,4.704543369660338,-2.107213969757818,-0.4041711734544194,-3.991222878315296,-0.3031938182082924,1.1091230888579182,0.6857887046037238,-4.54186757605601,-1.895325142417378,2.5241093484858754,1.7417012440034925,1.4325384591018264,-0.06896101840813935,0.5644262230334695,0.2574682770164795,0.07684756030998473,0.03734975215079309,-0.3624737316071008,-0.03548411008790387,0.09866478456477183,0.4700758895138696,1.9113050059748018,0.7192455456310802,0.7076601390639055,0.7543747103610704
Aciclovir_N11_2,-11.534078687817882,-4.412330901063614,-12.70680505874581,-5.116240072462933,14.250867730812232,-11.004294309440079,-5.75050863107504,-2.922660588155165,4.704543369660338,-2.107213969757818,-0.4041711734544194,-3.991222878315296,-0.3031938182082924,1.1091230888579182,0.6857887046037238,-4.54186757605601,-1.895325142417378,2.5241093484858754,1.7417012440034925,1.4325384591018264,-0.06896101840813935,0.5644262230334695,0.1954703075408982,0.07684756030998473,0.03734975215079309,-0.050135669870094275,0.25313492193563497,0.6213360942686933,0.8469178969218805,2.1132865661086075,0.815874167884642,0.8457730434465721,0.7544139401097429
Hidroclorotiazida_N1_1,-7.993752298276629,29.80102217594846,-3.0924785648890896,-4.496259273966196,-1.2617146837283886,10.155524666730882,-10.658519950253597,0.3268633026250497,-0.97896849670869,-1.8012416346511704,5.594867756129692,-0.11143815099614462,0.9557428621990548,-0.3251824532337753,-0.012542699692112289,-2.60658620146206,0.1763723451981193,2.800670648130884,-2.077466930359542,-2.510217510495231,-1.4207761205741831,-0.889583343040518,-1.2800813659779362,-1.319216451988073,-1.319691242661356,0.4233893659943559,0.5972017710919082,0.6109880453584429,0.7972378157676602,0.5393518046312883,0.6727814720391173,0.8293334647691685,0.7543509655044794
Hidroclorotiazida_N1_2,-7.993752298276629,29.80102217594846,-3.0924785648890896,-4.496259273966196,-1.2617146837283886,10.155524666730882,-10.658519950253597,0.3268633026250497,-0.97896849670869,-1.8012416346511704,5.594867756129692,-0.11143815099614462,0.9557428621990548,-0.3251824532337753,-0.012542699692112289,-2.60658620146206,0.1763723451981193,2.800670648130884,-2.077466930359542,-2.510217510495231,-1.4207761205741831,-0.889583343040518,-1.2800813659779362,-1.319216451988073,-1.319691242661356,-0.14749680266962692,-0.21026644291195543,-0.12030074626710771,-0.07801310670225636,-0.1472634072657,0.08521446902434737,0.8626577545768223,0.7542556848506721
Hidroclorotiazida_N2_1,-7.993752298276629,29.80102217594846,-3.0924785648890896,-4.496259273966196,-1.2617146837283886,10.155524666730882,-10.658519950253597,0.3268633026250497,-0.97896849670869,-1.8012416346511704,5.594867756129692,-0.11143815099614462,0.9557428621990548,-0.3251824532337753,-0.012542699692112289,-2.60658620146206,0.1763723451981193,2.800670648130884,-2.077466930359542,-2.510217510495231,-1.4207761205741831,-0.889583343040518,0.059074774694619504,0.07684756030998473,-1.319691242661356,0.07314070134174497,0.19296201385577136,0.22391182038514815,0.3972991001013068,0.32835236578190224,0.5660283010912587,0.5924595910792795,0.7288920347951395
Hidroclorotiazida_N2_2,-7.993752298276629,29.80102217594846,-3.0924785648890896,-4.496259273966196,-1.2617146837283886,10.155524666730882,-10.658519950253597,0.3268633026250497,-0.97896849670869,-1.8012416346511704,5.594867756129692,-0.11143815099614462,0.9557428621990548,-0.3251824532337753,-0.012542699692112289,-2.60658620146206,0.1763723451981193,2.800670648130884,-2.077466930359542,-2.510217510495231,-1.4207761205741831,-0.889583343040518,0.059074774694619504,0.07684756030998473,-1.319691242661356,0.6717349332613174,0.5622548667076254,0.5229875707359671,0.5341114554899594,0.6516769495708796,0.8871143004319739,0.5038054269560216,0.677039438364664
Hidroclorotiazida_N3_1,-7.993752298276629,29.80102217594846,-3.0924785648890896,-4.496259273966196,-1.2617146837283886,10.155524666730882,-10.658519950253597,0.3268633026250497,-0.97896849670869,-1.8012416346511704,5.594867756129692,-0.11143815099614462,0.9557428621990548,-0.3251824532337753,-0.012542699692112289,-2.60658620146206,0.1763723451981193,2.800670648130884,-2.077466930359542,-2.510217510495231,-1.4207761205741831,-0.889583343040518,1.2287697988005861,1.4729115726080424,-1.319691242661356,-0.42939253256601945,-0.6641566879087698,-0.6459352718552853,-0.47193221969896665,-0.5552702461870038,-0.8592898912484694,-0.5715836768353318,-0.26520245253854496
Hidroclorotiazida_N3_2,-7.993752298276629,29.80102217594846,-3.0924785648890896,-4.496259273966196,-1.2617146837283886,10.155524666730882,-10.658519950253597,0.3268633026250497,-0.97896849670869,-1.8012416346511704,5.594867756129692,-0.11143815099614462,0.9557428621990548,-0.3251824532337753,-0.012542699692112289,-2.60658620146206,0.1763723451981193,2.800670648130884,-2.077466930359542,-2.510217510495231,-1.4207761205741831,-0.889583343040518,1.2494357886257799,1.4729115726080424,-1.319691242661356,-0.511447023547146,-0.5852905274894138,-0.6345538644694613,-0.5602232782312342,-0.5699022452150786,-0.5592934994085038,-0.29275656147175055,-0.22484552616778003
Hidroclorotiazida_N4_1,-7.993752298276629,29.80102217594846,-3.0924785648890896,-4.496259273966196,-1.2617146837283886,10.155524666730882,-10.658519950253597,0.3268633026250497,-0.97896849670869,-1.8012416346511704,5.594867756129692,-0.11143815099614462,0.9557428621990548,-0.3251824532337753,-0.012542699692112289,-2.60658620146206,0.1763723451981193,2.800670648130884,-2.077466930359542,-2.510217510495231,-1.4207761205741831,-0.889583343040518,-1.1974174066771612,-1.319216451988073,0.03734975215079309,0.2508930610055726,0.275372520522236,0.372852521337428,0.6259872944612338,0.6060586213680685,1.0754179247438407,0.7583439629321868,0.7958981579272048
Hidroclorotiazida_N4_2,-7.993752298276629,29.80102217594846,-3.0924785648890896,-4.496259273966196,-1.2617146837283886,10.155524666730882,-10.658519950253597,0.3268633026250497,-0.97896849670869,-1.8012416346511704,5.594867756129692,-0.11143815099614462,0.9557428621990548,-0.3251824532337753,-0.012542699692112289,-2.60658620146206,0.1763723451981193,2.800670648130884,-2.077466930359542,-2.510217510495231,-1.4207761205741831,-0.889583343040518,-1.218083396502355,-1.319216451988073,0.03734975215079309,0.3980909713459456,0.5822079208151771,0.4270888111143111,0.1005173625450878,-0.261805370530333,-0.3494461678688714,0.12319938001830863,0.5819737441213734
Hidroclorotiazida_N5_1,-7.993752298276629,29.80102217594846,-3.0924785648890896,-4.496259273966196,-1.2617146837283886,10.155524666730882,-10.658519950253597,0.3268633026250497,-0.97896849670869,-1.8012416346511704,5.594867756129692,-0.11143815099614462,0.9557428621990548,-0.3251824532337753,-0.012542699692112289,-2.60658620146206,0.1763723451981193,2.800670648130884,-2.077466930359542,-2.510217510495231,-1.4207761205741831,-0.889583343040518,0.2574682770164795,0.07684756030998473,0.03734975215079309,-0.6512270755592373,-0.60007623043346,-0.6008598142594301,-0.4153845670807477,-0.21535451745467807,0.2197748429497396,0.4247274869271903,0.40230908192413056
Hidroclorotiazida_N5_2,-7.993752298276629,29.80102217594846,-3.0924785648890896,-4.496259273966196,-1.2617146837283886,10.155524666730882,-10.658519950253597,0.3268633026250497,-0.97896849670869,-1.8012416346511704,5.594867756129692,-0.11143815099614462,0.9557428621990548,-0.3251824532337753,-0.012542699692112289,-2.60658620146206,0.1763723451981193,2.800670648130884,-2.077466930359542,-2.510217510495231,-1.4207761205741831,-0.889583343040518,0.2946670587018282,0.07684756030998473,0.03734975215079309,-0.43914687098287447,-0.47338430831932204,-0.5413659241388561,-0.5424359129594447,-0.5652576239810934,-0.4284027526352698,0.28229700331077756,0.3743812036382163
Hidroclorotiazida_N6_1,-7.993752298276629,29.80102217594846,-3.0924785648890896,-4.496259273966196,-1.2617146837283886,10.155524666730882,-10.658519950253597,0.3268633026250497,-0.97896849670869,-1.8012416346511704,5.594867756129692,-0.11143815099614462,0.9557428621990548,-0.3251824532337753,-0.012542699692112289,-2.60658620146206,0.1763723451981193,2.800670648130884,-2.077466930359542,-2.510217510495231,-1.4207761205741831,-0.889583343040518,1.5387596461784927,1.4729115726080424,0.03734975215079309,-0.3007195437271908,-0.5689358571376258,-0.8285845506885195,-1.0945131498120662,-1.2006447722049662,-1.1328180847401828,0.088646522905819,0.5442261121571023
Hidroclorotiazida_N6_2,-7.993752298276629,29.80102217594846,-3.0924785648890896,-4.496259273966196,-1.2617146837283886,10.155524666730882,-10.658519950253597,0.3268633026250497,-0.97896849670869,-1.8012416346511704,5.594867756129692,-0.11143815099614462,0.9557428621990548,-0.3251824532337753,-0.012542699692112289,-2.60658620146206,0.1763723451981193,2.800670648130884,-2.077466930359542,-2.510217510495231,-1.4207761205741831,-0.889583343040518,1.6420895953044614,1.4729115726080424,0.03734975215079309,-0.4839121659089859,-0.4613059814416127,-0.716004924130894,-1.0804338273073064,-1.1912979677989723,-1.3316199375425253,-0.6251544781910614,-0.21559720042910144
Hidroclorotiazida_N7_1,-7.993752298276629,29.80102217594846,-3.0924785648890896,-4.496259273966196,-1.2617146837283886,10.155524666730882,-10.658519950253597,0.3268633026250497,-0.97896849670869,-1.8012416346511704,5.594867756129692,-0.11143815099614462,0.9557428621990548,-0.3251824532337753,-0.012542699692112289,-2.60658620146206,0.1763723451981193,2.800670648130884,-2.077466930359542,-2.510217510495231,-1.4207761205741831,-0.889583343040518,-1.2800813659779362,-1.319216451988073,1.3943907469629422,0.5983399507026887,0.8388941088313843,0.985853655455249,0.8030523975273598,1.2873869222164784,0.8716987852414086,0.5204429466669921,0.3622221056817153
Hidroclorotiazida_N7_2,-7.993752298276629,29.80102217594846,-3.0924785648890896,-4.496259273966196,-1.2617146837283886,10.155524666730882,-10.658519950253597,0.3268633026250497,-0.97896849670869,-1.8012416346511704,5.594867756129692,-0.11143815099614462,0.9557428621990548,-0.3251824532337753,-0.012542699692112289,-2.60658620146206,0.1763723451981193,2.800670648130884,-2.077466930359542,-2.510217510495231,-1.4207761205741831,-0.889583343040518,-1.2924809598730524,-1.319216451988073,1.3943907469629422,0.3982060622207261,0.6007680829020677,0.5053268031398799,0.45158869664274204,0.6849435262908412,0.8366275733257174,0.5696347857513375,0.4370169468287138
Hidroclorotiazida_N8_1,-7.993752298276629,29.80102217594846,-3.0924785648890896,-4.496259273966196,-1.2617146837283886,10.155524666730882,-10.658519950253597,0.3268633026250497,-0.97896849670869,-1.8012416346511704,5.594867756129692,-0.11143815099614462,0.9557428621990548,-0.3251824532337753,-0.012542699692112289,-2.60658620146206,0.1763723451981193,2.800670648130884,-2.077466930359542,-2.510217510495231,-1.4207761205741831,-0.889583343040518,0.17067111975066562,0.07684756030998473,1.3943907469629422,0.29872871833211884,0.08184488655935541,-0.09769242202261763,-0.24100248661974444,-0.3931991740299058,-0.5760502034605831,-0.19257296863187692,-0.19481143910119292
Hidroclorotiazida_N8_2,-7.993752298276629,29.80102217594846,-3.0924785648890896,-4.496259273966196,-1.2617146837283886,10.155524666730882,-10.658519950253597,0.3268633026250497,-0.97896849670869,-1.8012416346511704,5.594867756129692,-0.11143815099614462,0.9557428621990548,-0.3251824532337753,-0.012542699692112289,-2.60658620146206,0.1763723451981193,2.800670648130884,-2.077466930359542,-2.510217510495231,-1.4207761205741831,-0.889583343040518,0.13347233806531691,0.07684756030998473,1.3943907469629422,-0.3117829187151324,-0.3345935236181914,-0.3373950989589312,-0.23113004365292883,0.08116824432562042,0.18051787984422168,-0.0020567363768362445,0.03257904144850551
Hidroclorotiazida_N9_1,-7.993752298276629,29.80102217594846,-3.0924785648890896,-4.496259273966196,-1.2617146837283886,10.155524666730882,-10.658519950253597,0.3268633026250497,-0.97896849670869,-1.8012416346511704,5.594867756129692,-0.11143815099614462,0.9557428621990548,-0.3251824532337753,-0.012542699692112289,-2.60658620146206,0.1763723451981193,2.800670648130884,-2.077466930359542,-2.510217510495231,-1.4207761205741831,-0.889583343040518,1.8074175139060116,1.4729115726080424,1.3943907469629422,-0.7652274658454445,-0.7710325325216112,-0.7240576891567361,-0.4010797062653011,-0.18022528541883465,-0.3760283049921587,-0.2425885744353514,0.08453011412784349
Hidroclorotiazida_N9_2,-7.993752298276629,29.80102217594846,-3.0924785648890896,-4.496259273966196,-1.2617146837283886,10.155524666730882,-10.658519950253597,0.3268633026250497,-0.97896849670869,-1.8012416346511704,5.594867756129692,-0.11143815099614462,0.9557428621990548,-0.3251824532337753,-0.012542699692112289,-2.60658620146206,0.1763723451981193,2.800670648130884,-2.077466930359542,-2.510217510495231,-1.4207761205741831,-0.889583343040518,1.8694154833815928,1.4729115726080424,1.3943907469629422,-0.6438370629415819,-0.6834777511022471,-0.6879152212989676,-0.5915683823119685,-0.48498175085193823,-0.6409796291185176,-0.803102585251546,-0.7041654038886709
Hidroclorotiazida_N10_1,-7.993752298276629,29.80102217594846,-3.0924785648890896,-4.496259273966196,-1.2617146837283886,10.155524666730882,-10.658519950253597,0.3268633026250497,-0.97896849670869,-1.8012416346511704,5.594867756129692,-0.11143815099614462,0.9557428621990548,-0.3251824532337753,-0.012542699692112289,-2.60658620146206,0.1763723451981193,2.800670648130884,-2.077466930359542,-2.510217510495231,-1.4207761205741831,-0.889583343040518,0.09627355637996822,0.07684756030998473,0.03734975215079309,0.09708931188146434,0.07205180746970395,0.06351214458999178,0.17468855844653036,0.35515542910331144,0.41218125381403836,0.38915705703014236,0.35321716429377603
Hidroclorotiazida_N10_2,-7.993752298276629,29.80102217594846,-3.0924785648890896,-4.496259273966196,-1.2617146837283886,10.155524666730882,-10.658519950253597,0.3268633026250497,-0.97896849670869,-1.8012416346511704,5.594867756129692,-0.11143815099614462,0.9557428621990548,-0.3251824532337753,-0.012542699692112289,-2.60658620146206,0.1763723451981193,2.800670648130884,-2.077466930359542,-2.510217510495231,-1.4207761205741831,-0.889583343040518,0.10867315027508435,0.07684756030998473,0.03734975215079309,0.2429993109588776,0.4409161893081895,0.5101944564560907,0.6417280513278131,0.22244216961866498,0.46781198185490475,0.3635688265995844,0.4927378088996947
Acetazolamida_N1_1,-25.27110005930014,11.668226378195481,8.258436177933085,12.384421030906923,10.45535993265114,-1.2171440024263698,12.758965819449125,2.7680870766294627,-2.856061565905574,-3.2107170413159154,2.137042292258361,1.6051158071032032,0.36875801762019245,0.4019961207470529,-0.4672036953480494,-6.3251414560590415,5.776807733446517,-1.29602631178205,-0.44270089940670265,0.9224347710913491,0.12770356948754916,0.1934622612677375,-1.2924809598730524,-1.319216451988073,-1.319691242661356,1.106282037184967,1.0262785825976932,1.604160490892199,0.7896672758041067,0.5319553609741645,-0.14649026304949295,-0.5602308715207359,-0.875255477810595
Acetazolamida_N1_2,-25.27110005930014,11.668226378195481,8.258436177933085,12.384421030906923,10.45535993265114,-1.2171440024263698,12.758965819449125,2.7680870766294627,-2.856061565905574,-3.2107170413159154,2.137042292258361,1.6051158071032032,0.36875801762019245,0.4019961207470529,-0.4672036953480494,-6.3251414560590415,5.776807733446517,-1.29602631178205,-0.44270089940670265,0.9224347710913491,0.12770356948754916,0.1934622612677375,-1.3214133456283237,-1.319216451988073,-1.319691242661356,2.1001996589888647,1.3419494323997705,1.2667434224435483,0.6065645547197384,-0.14679961365863683,-0.17473384301790487,-0.5720313845362558,-0.8850157914239474
Acetazolamida_N2_1,-25.27110005930014,11.668226378195481,8.258436177933085,12.384421030906923,10.45535993265114,-1.2171440024263698,12.758965819449125,2.7680870766294627,-2.856061565905574,-3.2107170413159154,2.137042292258361,1.6051158071032032,0.36875801762019245,0.4019961207470529,-0.4672036953480494,-6.3251414560590415,5.776807733446517,-1.29602631178205,-0.44270089940670265,0.9224347710913491,0.12770356948754916,0.1934622612677375,0.17067111975066562,0.07684756030998473,-1.319691242661356,0.13359385396132445,-0.05594552032155827,-0.17047639125478042,-0.13193230456489172,-0.34405706319577223,0.1316788975531369,0.25830848705695525,0.024365790109831115
Acetazolamida_N2_2,-25.27110005930014,11.668226378195481,8.258436177933085,12.384421030906923,10.45535993265114,-1.2171440024263698,12.758965819449125,2.7680870766294627,-2.856061565905574,-3.2107170413159154,2.137042292258361,1.6051158071032032,0.36875801762019245,0.4019961207470529,-0.4672036953480494,-6.3251414560590415,5.776807733446517,-1.29602631178205,-0.44270089940670265,0.9224347710913491,0.12770356948754916,0.1934622612677375,0.17067111975066562,0.07684756030998473,-1.319691242661356,0.3895134287140385,0.1275658230624318,-0.09723896121304096,-0.2691961574111182,-0.3866217889216991,-0.06390363488793366,-0.6004404495107138,-0.19110267212016288
Acetazolamida_N3_1,-25.27110005930014,11.668226378195481,8.258436177933085,12.384421030906923,10.45535993265114,-1.2171440024263698,12.758965819449125,2.7680870766294627,-2.856061565905574,-3.2107170413159154,2.137042292258361,1.6051158071032032,0.36875801762019245,0.4019961207470529,-0.4672036953480494,-6.3251414560590415,5.776807733446517,-1.29602631178205,-0.44270089940670265,0.9224347710913491,0.12770356948754916,0.1934622612677375,1.5800916258288802,1.4729115726080424,-1.319691242661356,-0.34914513670810693,-0.6145948883283009,-0.7529177128498302,-0.8071135482312787,-0.8940958456140226,-1.0819652452515205,-1.011251976515031,-1.0450605855621133
Acetazolamida_N3_2,-25.27110005930014,11.668226378195481,8.258436177933085,12.384421030906923,10.45535993265114,-1.2171440024263698,12.758965819449125,2.7680870766294627,-2.856061565905574,-3.2107170413159154,2.137042292258361,1.6051158071032032,0.36875801762019245,0.4019961207470529,-0.4672036953480494,-6.3251414560590415,5.776807733446517,-1.29602631178205,-0.44270089940670265,0.9224347710913491,0.12770356948754916,0.1934622612677375,1.600757615654074,1.4729115726080424,-1.319691242661356,0.15527970912479347,0.04656623882167893,-0.10613943026018909,-0.2704797514269844,-0.5073848198536035,-0.5136684443124148,-0.36375706681504344,-0.5796746849250116
Acetazolamida_N4_1,-25.27110005930014,11.668226378195481,8.258436177933085,12.384421030906923,10.45535993265114,-1.2171440024263698,12.758965819449125,2.7680870766294627,-2.856061565905574,-3.2107170413159154,2.137042292258361,1.6051158071032032,0.36875801762019245,0.4019961207470529,-0.4672036953480494,-6.3251414560590415,5.776807733446517,-1.29602631178205,-0.44270089940670265,0.9224347710913491,0.12770356948754916,0.1934622612677375,-1.3214133456283237,-1.319216451988073,0.03734975215079309,0.7210128288712663,0.8879816470958904,0.6190505072904605,0.08703804656666043,-0.28589703797524696,-0.8136072343001869,-1.1788293496836446,-1.61228120173984
Acetazolamida_N4_2,-25.27110005930014,11.668226378195481,8.258436177933085,12.384421030906923,10.45535993265114,-1.2171440024263698,12.758965819449125,2.7680870766294627,-2.856061565905574,-3.2107170413159154,2.137042292258361,1.6051158071032032,0.36875801762019245,0.4019961207470529,-0.4672036953480494,-6.3251414560590415,5.776807733446517,-1.29602631178205,-0.44270089940670265,0.9224347710913491,0.12770356948754916,0.1934622612677375,-1.3131469496982462,-1.319216451988073,0.03734975215079309,0.5649197338924928,0.7502718142686108,-0.08913327191278766,-0.38325496702235046,-0.6424425886104093,-1.082055246929351,-0.9914119946694601,-1.3988458286930499
Acetazolamida_N5_1,-25.27110005930014,11.668226378195481,8.258436177933085,12.384421030906923,10.45535993265114,-1.2171440024263698,12.758965819449125,2.7680870766294627,-2.856061565905574,-3.2107170413159154,2.137042292258361,1.6051158071032032,0.36875801762019245,0.4019961207470529,-0.4672036953480494,-6.3251414560590415,5.776807733446517,-1.29602631178205,-0.44270089940670265,0.9224347710913491,0.12770356948754916,0.1934622612677375,-0.015322788676078206,0.07684756030998473,0.03734975215079309,0.20268305889121685,0.2592749139378765,0.20639216416784464,0.09751167280489059,0.7480441304346774,0.7170719127847461,0.4883236475265588,0.28631256434283403
Acetazolamida_N5_2,-25.27110005930014,11.668226378195481,8.258436177933085,12.384421030906923,10.45535993265114,-1.2171440024263698,12.758965819449125,2.7680870766294627,-2.856061565905574,-3.2107170413159154,2.137042292258361,1.6051158071032032,0.36875801762019245,0.4019961207470529,-0.4672036953480494,-6.3251414560590415,5.776807733446517,-1.29602631178205,-0.44270089940670265,0.9224347710913491,0.12770356948754916,0.1934622612677375,0.009476399114154365,0.07684756030998473,0.03734975215079309,0.2757366105742355,0.4463122206696719,0.025087031155677068,0.1067555500453211,0.5969980627490653,0.9494647359939085,0.7556546934857122,0.5907555627885337
Acetazolamida_N7_1,-25.27110005930014,11.668226378195481,8.258436177933085,12.384421030906923,10.45535993265114,-1.2171440024263698,12.758965819449125,2.7680870766294627,-2.856061565905574,-3.2107170413159154,2.137042292258361,1.6051158071032032,0.36875801762019245,0.4019961207470529,-0.4672036953480494,-6.3251414560590415,5.776807733446517,-1.29602631178205,-0.44270089940670265,0.9224347710913491,0.12770356948754916,0.1934622612677375,-1.4082105028941374,-1.319216451988073,1.3943907469629422,1.4194780733467292,1.4309081811937674,1.2198347039122728,0.7444299961898594,0.21468553532508086,-0.9422051742616085,-1.1293642397843169,-1.0863669983127862
Acetazolamida_N7_2,-25.27110005930014,11.668226378195481,8.258436177933085,12.384421030906923,10.45535993265114,-1.2171440024263698,12.758965819449125,2.7680870766294627,-2.856061565905574,-3.2107170413159154,2.137042292258361,1.6051158071032032,0.36875801762019245,0.4019961207470529,-0.4672036953480494,-6.3251414560590415,5.776807733446517,-1.29602631178205,-0.44270089940670265,0.9224347710913491,0.12770356948754916,0.1934622612677375,-1.3792781171388664,-1.319216451988073,1.3943907469629422,1.7765367216463572,1.1297172119673613,0.7892624566018118,1.1018213274645292,0.5552943032610811,-0.9422746205755491,-0.936753279774864,-1.3365991749458377
Acetazolamida_N8_1,-25.27110005930014,11.668226378195481,8.258436177933085,12.384421030906923,10.45535993265114,-1.2171440024263698,12.758965819449125,2.7680870766294627,-2.856061565905574,-3.2107170413159154,2.137042292258361,1.6051158071032032,0.36875801762019245,0.4019961207470529,-0.4672036953480494,-6.3251414560590415,5.776807733446517,-1.29602631178205,-0.44270089940670265,0.9224347710913491,0.12770356948754916,0.1934622612677375,0.04667518079950307,0.07684756030998473,1.3943907469629422,0.6854062282728284,0.855697791328298,0.963426905525053,1.612322851473977,1.5885004133863885,0.2857801848549188,-0.19441559795174546,-0.4912072418742433
Acetazolamida_N8_2,-25.27110005930014,11.668226378195481,8.258436177933085,12.384421030906923,10.45535993265114,-1.2171440024263698,12.758965819449125,2.7680870766294627,-2.856061565905574,-3.2107170413159154,2.137042292258361,1.6051158071032032,0.36875801762019245,0.4019961207470529,-0.4672036953480494,-6.3251414560590415,5.776807733446517,-1.29602631178205,-0.44270089940670265,0.9224347710913491,0.12770356948754916,0.1934622612677375,0.08387396248485178,0.07684756030998473,1.3943907469629422,0.14677873621865106,-0.257759567888468,-0.3064131081097763,-0.1659585807475546,0.44774563970868436,0.01631431134960221,-0.04624455535527924,-0.2564393421312232
Acetazolamida_N9_1,-25.27110005930014,11.668226378195481,8.258436177933085,12.384421030906923,10.45535993265114,-1.2171440024263698,12.758965819449125,2.7680870766294627,-2.856061565905574,-3.2107170413159154,2.137042292258361,1.6051158071032032,0.36875801762019245,0.4019961207470529,-0.4672036953480494,-6.3251414560590415,5.776807733446517,-1.29602631178205,-0.44270089940670265,0.9224347710913491,0.12770356948754916,0.1934622612677375,1.2907677682761676,1.4729115726080424,1.3943907469629422,-0.5012575440226429,-0.691442571289423,-0.8151529794746308,-0.33082691522563473,-0.5899461007118342,-1.0871821565340645,-1.261235429300795,-1.1195113841948048
Acetazolamida_N9_2,-25.27110005930014,11.668226378195481,8.258436177933085,12.384421030906923,10.45535993265114,-1.2171440024263698,12.758965819449125,2.7680870766294627,-2.856061565905574,-3.2107170413159154,2.137042292258361,1.6051158071032032,0.36875801762019245,0.4019961207470529,-0.4672036953480494,-6.3251414560590415,5.776807733446517,-1.29602631178205,-0.44270089940670265,0.9224347710913491,0.12770356948754916,0.1934622612677375,1.332099747926555,1.4729115726080424,1.3943907469629422,-0.28666894833160567,-0.16798411616778094,-0.2753523608172926,-0.20960988991509813,-0.257238419375172,-0.9690436451074553,-1.0217013360562108,-0.9335642168702869
Acetazolamida_N10_1,-25.27110005930014,11.668226378195481,8.258436177933085,12.384421030906923,10.45535993265114,-1.2171440024263698,12.758965819449125,2.7680870766294627,-2.856061565905574,-3.2107170413159154,2.137042292258361,1.6051158071032032,0.36875801762019245,0.4019961207470529,-0.4672036953480494,-6.3251414560590415,5.776807733446517,-1.29602631178205,-0.44270089940670265,0.9224347710913491,0.12770356948754916,0.1934622612677375,0.12107274417020078,0.07684756030998473,0.03734975215079309,0.2965430792806632,0.3459736116653188,-0.03760018360913605,-0.21473081973238686,-0.28170305305721566,0.5714065965364102,0.4631543572507648,0.2107901928744272
Acetazolamida_N10_2,-25.27110005930014,11.668226378195481,8.258436177933085,12.384421030906923,10.45535993265114,-1.2171440024263698,12.758965819449125,2.7680870766294627,-2.856061565905574,-3.2107170413159154,2.137042292258361,1.6051158071032032,0.36875801762019245,0.4019961207470529,-0.4672036953480494,-6.3251414560590415,5.776807733446517,-1.29602631178205,-0.44270089940670265,0.9224347710913491,0.12770356948754916,0.1934622612677375,0.13347233806531691,0.07684756030998473,0.03734975215079309,-0.058249945624193084,-0.4519700730535673,-0.7637604430298676,-0.9707349861144958,-0.8853878132912875,-0.3859849983595293,0.08635805621476014,-0.01859821945416578
Acetazolamida_N11_1,-25.27110005930014,11.668226378195481,8.258436177933085,12.384421030906923,10.45535993265114,-1.2171440024263698,12.758965819449125,2.7680870766294627,-2.856061565905574,-3.2107170413159154,2.137042292258361,1.6051158071032032,0.36875801762019245,0.4019961207470529,-0.4672036953480494,-6.3251414560590415,5.776807733446517,-1.29602631178205,-0.44270089940670265,0.9224347710913491,0.12770356948754916,0.1934622612677375,-0.04012197646631078,0.07684756030998473,0.03734975215079309,0.9104462686320652,0.5559538405074734,0.29830899627328855,-0.07446144198744155,0.29978959658280746,0.758481925963963,0.4181500053455912,0.24578663140550286
Acetazolamida_N11_2,-25.27110005930014,11.668226378195481,8.258436177933085,12.384421030906923,10.45535993265114,-1.2171440024263698,12.758965819449125,2.7680870766294627,-2.856061565905574,-3.2107170413159154,2.137042292258361,1.6051158071032032,0.36875801762019245,0.4019961207470529,-0.4672036953480494,-6.3251414560590415,5.776807733446517,-1.29602631178205,-0.44270089940670265,0.9224347710913491,0.12770356948754916,0.1934622612677375,-0.027722382571194346,0.07684756030998473,0.03734975215079309,0.15003641407335996,-0.04450058583551218,-0.08025521879217508,0.29711435906197037,0.7584218034828051,1.1289711165909906,0.8285675278407396,0.7201251100344642
Spironolactona_N1_1,35.2861010789756,4.552664002925084,22.655370371966765,-8.488678979791763,8.988050573075459,13.136252649972647,6.899438646906822,-13.306890892369454,19.72967097071892,3.649228374826929,-0.08917432888645131,2.5038361558065367,-1.5130838748382869,0.36923753858045005,-0.332410065156978,4.543849977620449,1.002845256713713,-1.2384478776694745,1.9170237922367905,-2.2225644685627715,-1.5934338358570368,0.01600500645692411,-1.3090137517332074,-1.319216451988073,-1.319691242661356,-0.2700576536131162,-0.6971405166480069,-0.7231196617502029,-1.1985132465845598,-1.3385686779516208,-1.882291161802359,-1.9847579827090718,-2.4210296893735705
Spironolactona_N1_2,35.2861010789756,4.552664002925084,22.655370371966765,-8.488678979791763,8.988050573075459,13.136252649972647,6.899438646906822,-13.306890892369454,19.72967097071892,3.649228374826929,-0.08917432888645131,2.5038361558065367,-1.5130838748382869,0.36923753858045005,-0.332410065156978,4.543849977620449,1.002845256713713,-1.2384478776694745,1.9170237922367905,-2.2225644685627715,-1.5934338358570368,0.01600500645692411,-1.3958109089990214,-1.319216451988073,-1.319691242661356,0.8160814863234761,0.012192944433688228,0.07004740810260816,-0.6183878870874501,-0.7850058453969044,-1.4145277084044865,-2.1686769763388516,-2.6508102498950548
Spironolactona_N8_1,35.2861010789756,4.552664002925084,22.655370371966765,-8.488678979791763,8.988050573075459,13.136252649972647,6.899438646906822,-13.306890892369454,19.72967097071892,3.649228374826929,-0.08917432888645131,2.5038361558065367,-1.5130838748382869,0.36923753858045005,-0.332410065156978,4.543849977620449,1.002845256713713,-1.2384478776694745,1.9170237922367905,-2.2225644685627715,-1.5934338358570368,0.01600500645692411,-0.47410776279537975,0.07684756030998473,1.3943907469629422,-1.1683216091852708,-0.7771166652931397,-1.3521667458148745,-1.4861004674129965,-1.6262275758429208,-2.2594996029361902,-2.7321314192954107,-2.4585244951625134
Spironolactona_N8_2,35.2861010789756,4.552664002925084,22.655370371966765,-8.488678979791763,8.988050573075459,13.136252649972647,6.899438646906822,-13.306890892369454,19.72967097071892,3.649228374826929,-0.08917432888645131,2.5038361558065367,-1.5130838748382869,0.36923753858045005,-0.332410065156978,4.543849977620449,1.002845256713713,-1.2384478776694745,1.9170237922367905,-2.2225644685627715,-1.5934338358570368,0.01600500645692411,-0.20131669710282205,0.07684756030998473,1.3943907469629422,-0.786272186249979,-1.3351036031128884,-0.8048467199487781,-1.106786021117903,-1.1325740918404106,-2.173300728774639,-2.4857592080858883,-1.7260465048886677
Cafeina_N2_1,-12.613770036236405,-2.203917357589463,-0.01592097895498423,-17.27002838906214,-4.391065494031413,-5.1809966602513144,4.304607559098108,-22.658497194656498,-18.757439360724295,-2.7479047530086,-2.615882766685288,1.3199886168094128,-0.3084492687772663,-0.7443874022877954,0.1916385580444827,-3.8256524229488567,-2.9536508493406894,-2.0849463830886146,1.4045641575300274,1.7046471123611906,-2.346630236822845,-1.7475733570718404,0.12107274417020078,0.07684756030998473,-1.319691242661356,0.8988121143726281,0.6390000365132801,0.49115256567893567,0.45973617415885965,0.25810913035620564,0.3458166777853385,0.227313854670748,0.3919868322943377
Cafeina_N2_2,-12.613770036236405,-2.203917357589463,-0.01592097895498423,-17.27002838906214,-4.391065494031413,-5.1809966602513144,4.304607559098108,-22.658497194656498,-18.757439360724295,-2.7479047530086,-2.615882766685288,1.3199886168094128,-0.3084492687772663,-0.7443874022877954,0.1916385580444827,-3.8256524229488567,-2.9536508493406894,-2.0849463830886146,1.4045641575300274,1.7046471123611906,-2.346630236822845,-1.7475733570718404,0.10867315027508435,0.07684756030998473,-1.319691242661356,0.3044888228256307,0.13276214450023027,0.045769903158127546,0.14748080167348493,0.21297657813495127,0.6362884668956544,0.21256655321107693,0.27294798215374144
Cafeina_N5_1,-12.613770036236405,-2.203917357589463,-0.01592097895498423,-17.27002838906214,-4.391065494031413,-5.1809966602513144,4.304607559098108,-22.658497194656498,-18.757439360724295,-2.7479047530086,-2.615882766685288,1.3199886168094128,-0.3084492687772663,-0.7443874022877954,0.1916385580444827,-3.8256524229488567,-2.9536508493406894,-2.0849463830886146,1.4045641575300274,1.7046471123611906,-2.346630236822845,-1.7475733570718404,0.28226746480671205,0.07684756030998473,0.03734975215079309,0.6682503254278519,0.6992718348788003,0.7192592283666922,0.7921859251660738,0.5768438112165672,0.8704604844527182,0.7445898916772998,0.7958981579272048
Cafeina_N5_2,-12.613770036236405,-2.203917357589463,-0.01592097895498423,-17.27002838906214,-4.391065494031413,-5.1809966602513144,4.304607559098108,-22.658497194656498,-18.757439360724295,-2.7479047530086,-2.615882766685288,1.3199886168094128,-0.3084492687772663,-0.7443874022877954,0.1916385580444827,-3.8256524229488567,-2.9536508493406894,-2.0849463830886146,1.4045641575300274,1.7046471123611906,-2.346630236822845,-1.7475733570718404,0.2574682770164795,0.07684756030998473,0.03734975215079309,0.6563867085001432,0.6357806238703823,0.6269834774915332,0.7152969451899103,0.5518743270316994,0.9039540472468861,0.5913496779171773,0.4812813047178706
Cafeina_N9_1,-12.613770036236405,-2.203917357589463,-0.01592097895498423,-17.27002838906214,-4.391065494031413,-5.1809966602513144,4.304607559098108,-22.658497194656498,-18.757439360724295,-2.7479047530086,-2.615882766685288,1.3199886168094128,-0.3084492687772663,-0.7443874022877954,0.1916385580444827,-3.8256524229488567,-2.9536508493406894,-2.0849463830886146,1.4045641575300274,1.7046471123611906,-2.346630236822845,-1.7475733570718404,1.9520794426823678,1.4729115726080424,1.3943907469629422,0.3809448854739336,0.5948575460754324,0.7231077278769806,1.1671632353984949,0.9113821101158468,0.7196758826363823,0.36996216838501733,0.220672304538992
Cafeina_N9_2,-12.613770036236405,-2.203917357589463,-0.01592097895498423,-17.27002838906214,-4.391065494031413,-5.1809966602513144,4.304607559098108,-22.658497194656498,-18.757439360724295,-2.7479047530086,-2.615882766685288,1.3199886168094128,-0.3084492687772663,-0.7443874022877954,0.1916385580444827,-3.8256524229488567,-2.9536508493406894,-2.0849463830886146,1.4045641575300274,1.7046471123611906,-2.346630236822845,-1.7475733570718404,2.014077412157949,1.4729115726080424,1.3943907469629422,0.33874793837753797,0.6051839507472949,0.7637550912838744,1.1359943234575125,0.9093326364158876,0.919738874747108,0.5416864703317714,0.3470834251385075
Metronidazole_N1_1,-22.604228858868552,-11.672681911337515,1.6035280229931925,-17.989544315399815,-4.39058157253589,6.24296118374615,6.444892177824673,6.953466980928749,1.6384810071740905,-4.131901771804728,-1.6453091924568943,2.5516848432812993,-1.2938244226840594,0.6688613122043324,0.5299270021265887,-3.678225677749877,-1.9219617602772632,-1.168255351965597,1.3213095571555398,-0.08476748794376328,-0.43432912285433556,0.29387459662649495,-1.251148980222665,-1.319216451988073,-1.319691242661356,-1.666688366708683,-1.5875053828198056,-0.3242226431234358,0.36373166496954873,0.6051441238750954,1.1992954178101605,0.9357901697790766,0.7958981579272048
Metronidazole_N1_2,-22.604228858868552,-11.672681911337515,1.6035280229931925,-17.989544315399815,-4.39058157253589,6.24296118374615,6.444892177824673,6.953466980928749,1.6384810071740905,-4.131901771804728,-1.6453091924568943,2.5516848432812993,-1.2938244226840594,0.6688613122043324,0.5299270021265887,-3.678225677749877,-1.9219617602772632,-1.168255351965597,1.3213095571555398,-0.08476748794376328,-0.43432912285433556,0.29387459662649495,-1.218083396502355,-1.319216451988073,-1.319691242661356,-1.0088231575882438,-0.23037813496779916,-0.14776593345117642,0.3867632535883176,-0.1847185622156603,0.32451912028126656,0.6125598815891157,0.4277957634898035
Metronidazole_N2_1,-22.604228858868552,-11.672681911337515,1.6035280229931925,-17.989544315399815,-4.39058157253589,6.24296118374615,6.444892177824673,6.953466980928749,1.6384810071740905,-4.131901771804728,-1.6453091924568943,2.5516848432812993,-1.2938244226840594,0.6688613122043324,0.5299270021265887,-3.678225677749877,-1.9219617602772632,-1.168255351965597,1.3213095571555398,-0.08476748794376328,-0.43432912285433556,0.29387459662649495,0.14587193196043305,0.07684756030998473,-1.319691242661356,0.12096889059803156,0.8177907448922382,1.0196883540670028,1.0669314201902949,0.7833599280024046,0.8802100786215409,0.8927618091156554,0.7468964301571481
Metronidazole_N2_2,-22.604228858868552,-11.672681911337515,1.6035280229931925,-17.989544315399815,-4.39058157253589,6.24296118374615,6.444892177824673,6.953466980928749,1.6384810071740905,-4.131901771804728,-1.6453091924568943,2.5516848432812993,-1.2938244226840594,0.6688613122043324,0.5299270021265887,-3.678225677749877,-1.9219617602772632,-1.168255351965597,1.3213095571555398,-0.08476748794376328,-0.43432912285433556,0.29387459662649495,0.20786990143601433,0.07684756030998473,-1.319691242661356,0.42709885737065395,0.8403995013126704,1.0532586892094964,0.8870829130329168,0.9988670851515238,0.2876106597514558,-0.19229019707190098,0.059722299968482565
Metronidazole_N3_1,-22.604228858868552,-11.672681911337515,1.6035280229931925,-17.989544315399815,-4.39058157253589,6.24296118374615,6.444892177824673,6.953466980928749,1.6384810071740905,-4.131901771804728,-1.6453091924568943,2.5516848432812993,-1.2938244226840594,0.6688613122043324,0.5299270021265887,-3.678225677749877,-1.9219617602772632,-1.168255351965597,1.3213095571555398,-0.08476748794376328,-0.43432912285433556,0.29387459662649495,1.41476370722733,1.4729115726080424,-1.319691242661356,-0.31545109192159515,-0.09964535050745417,0.11051277446285446,0.7379586865400238,0.7924582892297948,0.9874096126157144,0.9357901697790766,0.7958981579272048
Metronidazole_N3_2,-22.604228858868552,-11.672681911337515,1.6035280229931925,-17.989544315399815,-4.39058157253589,6.24296118374615,6.444892177824673,6.953466980928749,1.6384810071740905,-4.131901771804728,-1.6453091924568943,2.5516848432812993,-1.2938244226840594,0.6688613122043324,0.5299270021265887,-3.678225677749877,-1.9219617602772632,-1.168255351965597,1.3213095571555398,-0.08476748794376328,-0.43432912285433556,0.29387459662649495,1.8280835037312053,1.4729115726080424,-1.319691242661356,-0.6082679667794733,-0.49046067860131737,-0.4085017274566896,-0.5938747832489323,-0.44580720783257827,0.12217306213687111,0.07826663109055876,0.1596421989956638
Metronidazole_N4_1,-22.604228858868552,-11.672681911337515,1.6035280229931925,-17.989544315399815,-4.39058157253589,6.24296118374615,6.444892177824673,6.953466980928749,1.6384810071740905,-4.131901771804728,-1.6453091924568943,2.5516848432812993,-1.2938244226840594,0.6688613122043324,0.5299270021265887,-3.678225677749877,-1.9219617602772632,-1.168255351965597,1.3213095571555398,-0.08476748794376328,-0.43432912285433556,0.29387459662649495,-1.3958109089990214,-1.319216451988073,0.03734975215079309,-1.8545463121534438,-0.8849484040700195,0.04322462083402228,0.7628417338330873,0.8611586457325048,0.9291934481295532,0.5534526601610014,0.4041929272808868
Metronidazole_N4_2,-22.604228858868552,-11.672681911337515,1.6035280229931925,-17.989544315399815,-4.39058157253589,6.24296118374615,6.444892177824673,6.953466980928749,1.6384810071740905,-4.131901771804728,-1.6453091924568943,2.5516848432812993,-1.2938244226840594,0.6688613122043324,0.5299270021265887,-3.678225677749877,-1.9219617602772632,-1.168255351965597,1.3213095571555398,-0.08476748794376328,-0.43432912285433556,0.29387459662649495,-1.273757573091427,-1.319216451988073,0.03734975215079309,-1.432746653580253,-0.5368776921215795,0.14845891817059723,0.6825200319666694,0.7667527148284871,0.6206807719898348,0.9357901697790766,0.7958981579272048
Metronidazole_N5_1,-22.604228858868552,-11.672681911337515,1.6035280229931925,-17.989544315399815,-4.39058157253589,6.24296118374615,6.444892177824673,6.953466980928749,1.6384810071740905,-4.131901771804728,-1.6453091924568943,2.5516848432812993,-1.2938244226840594,0.6688613122043324,0.5299270021265887,-3.678225677749877,-1.9219617602772632,-1.168255351965597,1.3213095571555398,-0.08476748794376328,-0.43432912285433556,0.29387459662649495,-0.07732075815165948,0.07684756030998473,0.03734975215079309,0.4147960332165265,2.0908125974094336,1.9404676003316996,1.4864578403436022,0.8962676461252034,0.6706471364450358,0.6764052673650901,0.49893113441381076
Metronidazole_N5_2,-22.604228858868552,-11.672681911337515,1.6035280229931925,-17.989544315399815,-4.39058157253589,6.24296118374615,6.444892177824673,6.953466980928749,1.6384810071740905,-4.131901771804728,-1.6453091924568943,2.5516848432812993,-1.2938244226840594,0.6688613122043324,0.5299270021265887,-3.678225677749877,-1.9219617602772632,-1.168255351965597,1.3213095571555398,-0.08476748794376328,-0.43432912285433556,0.29387459662649495,0.12107274417020078,0.07684756030998473,0.03734975215079309,-0.12220534176551247,0.014357296965379908,-0.06867344504052798,0.16387575005524194,0.04716841393239274,-0.03108646389472195,0.24945238225995708,0.10068873462159947
Metronidazole_N6_1,-22.604228858868552,-11.672681911337515,1.6035280229931925,-17.989544315399815,-4.39058157253589,6.24296118374615,6.444892177824673,6.953466980928749,1.6384810071740905,-4.131901771804728,-1.6453091924568943,2.5516848432812993,-1.2938244226840594,0.6688613122043324,0.5299270021265887,-3.678225677749877,-1.9219617602772632,-1.168255351965597,1.3213095571555398,-0.08476748794376328,-0.43432912285433556,0.29387459662649495,1.4767616767029113,1.4729115726080424,0.03734975215079309,-0.03691975815308232,-0.1284309964561852,-0.3225807885022545,-0.34903684256841905,-0.13884944763632706,0.23476684459389083,0.5886890230084938,0.7958981579272048
Metronidazole_N6_2,-22.604228858868552,-11.672681911337515,1.6035280229931925,-17.989544315399815,-4.39058157253589,6.24296118374615,6.444892177824673,6.953466980928749,1.6384810071740905,-4.131901771804728,-1.6453091924568943,2.5516848432812993,-1.2938244226840594,0.6688613122043324,0.5299270021265887,-3.678225677749877,-1.9219617602772632,-1.168255351965597,1.3213095571555398,-0.08476748794376328,-0.43432912285433556,0.29387459662649495,1.3734317275769425,1.4729115726080424,0.03734975215079309,-0.7954164093754811,-0.7681724105768423,-0.7057513651190293,-0.7818025556399545,-0.8118003076869,-0.9310250815073149,0.8059312364808141,0.7690832473129953
Metronidazole_N7_1,-22.604228858868552,-11.672681911337515,1.6035280229931925,-17.989544315399815,-4.39058157253589,6.24296118374615,6.444892177824673,6.953466980928749,1.6384810071740905,-4.131901771804728,-1.6453091924568943,2.5516848432812993,-1.2938244226840594,0.6688613122043324,0.5299270021265887,-3.678225677749877,-1.9219617602772632,-1.168255351965597,1.3213095571555398,-0.08476748794376328,-0.43432912285433556,0.29387459662649495,-1.2759481680128975,-1.319216451988073,1.3943907469629422,-1.1136362513486273,-0.5454356604911363,0.2549534557471096,0.8174075221983701,0.6339528510736401,1.1683162364387232,0.8303145986105634,0.7958981579272048
Metronidazole_N7_2,-22.604228858868552,-11.672681911337515,1.6035280229931925,-17.989544315399815,-4.39058157253589,6.24296118374615,6.444892177824673,6.953466980928749,1.6384810071740905,-4.131901771804728,-1.6453091924568943,2.5516848432812993,-1.2938244226840594,0.6688613122043324,0.5299270021265887,-3.678225677749877,-1.9219617602772632,-1.168255351965597,1.3213095571555398,-0.08476748794376328,-0.43432912285433556,0.29387459662649495,-1.33381293952344,-1.319216451988073,1.3943907469629422,-1.8545463121534438,-2.3493447497277797,-2.576622901021088,-1.691839988205433,-0.12890542359319265,-1.0598638931350561,-0.14358626936012353,-0.26458160396202524
Metronidazole_N8_1,-22.604228858868552,-11.672681911337515,1.6035280229931925,-17.989544315399815,-4.39058157253589,6.24296118374615,6.444892177824673,6.953466980928749,1.6384810071740905,-4.131901771804728,-1.6453091924568943,2.5516848432812993,-1.2938244226840594,0.6688613122043324,0.5299270021265887,-3.678225677749877,-1.9219617602772632,-1.168255351965597,1.3213095571555398,-0.08476748794376328,-0.43432912285433556,0.29387459662649495,0.03427558690438694,0.07684756030998473,1.3943907469629422,1.7355723884836058,1.5253377893773903,1.1814259129193327,1.37200986306719,1.509941371494,1.1562632603604395,0.8163196478958643,0.659842265961873
Metronidazole_N8_2,-22.604228858868552,-11.672681911337515,1.6035280229931925,-17.989544315399815,-4.39058157253589,6.24296118374615,6.444892177824673,6.953466980928749,1.6384810071740905,-4.131901771804728,-1.6453091924568943,2.5516848432812993,-1.2938244226840594,0.6688613122043324,0.5299270021265887,-3.678225677749877,-1.9219617602772632,-1.168255351965597,1.3213095571555398,-0.08476748794376328,-0.43432912285433556,0.29387459662649495,0.08387396248485178,0.07684756030998473,1.3943907469629422,0.8969772611929888,0.7482184897455354,0.9080275890544519,2.3817529837789664,1.899711858381584,1.2591557514934022,0.9357901697790766,0.7958981579272048
Metronidazole_N9_1,-22.604228858868552,-11.672681911337515,1.6035280229931925,-17.989544315399815,-4.39058157253589,6.24296118374615,6.444892177824673,6.953466980928749,1.6384810071740905,-4.131901771804728,-1.6453091924568943,2.5516848432812993,-1.2938244226840594,0.6688613122043324,0.5299270021265887,-3.678225677749877,-1.9219617602772632,-1.168255351965597,1.3213095571555398,-0.08476748794376328,-0.43432912285433556,0.29387459662649495,1.6627555851296552,1.4729115726080424,1.3943907469629422,1.4737208700023265,1.409954701065102,1.4878567918023544,1.5951732361316804,1.039141704397133,1.2591557514934022,0.9357901697790766,0.7958981579272048
Metronidazole_N9_2,-22.604228858868552,-11.672681911337515,1.6035280229931925,-17.989544315399815,-4.39058157253589,6.24296118374615,6.444892177824673,6.953466980928749,1.6384810071740905,-4.131901771804728,-1.6453091924568943,2.5516848432812993,-1.2938244226840594,0.6688613122043324,0.5299270021265887,-3.678225677749877,-1.9219617602772632,-1.168255351965597,1.3213095571555398,-0.08476748794376328,-0.43432912285433556,0.29387459662649495,1.683421574954849,1.4729115726080424,1.3943907469629422,0.3283263301408927,0.26545884391215946,0.4687393517927337,0.981480773797697,0.9191081154944035,1.2591557514934022,0.9357901697790766,0.7958981579272048
Metronidazole_N10_1,-22.604228858868552,-11.672681911337515,1.6035280229931925,-17.989544315399815,-4.39058157253589,6.24296118374615,6.444892177824673,6.953466980928749,1.6384810071740905,-4.131901771804728,-1.6453091924568943,2.5516848432812993,-1.2938244226840594,0.6688613122043324,0.5299270021265887,-3.678225677749877,-1.9219617602772632,-1.168255351965597,1.3213095571555398,-0.08476748794376328,-0.43432912285433556,0.29387459662649495,-0.13931872762724076,0.07684756030998473,0.03734975215079309,-0.08959911352464553,-0.5492499318105328,-0.552377398815158,1.1744239266372498,1.1651125248084464,1.102512442995453,0.7604700262889844,0.5962393791252495
Metronidazole_N10_2,-22.604228858868552,-11.672681911337515,1.6035280229931925,-17.989544315399815,-4.39058157253589,6.24296118374615,6.444892177824673,6.953466980928749,1.6384810071740905,-4.131901771804728,-1.6453091924568943,2.5516848432812993,-1.2938244226840594,0.6688613122043324,0.5299270021265887,-3.678225677749877,-1.9219617602772632,-1.168255351965597,1.3213095571555398,-0.08476748794376328,-0.43432912285433556,0.29387459662649495,-0.21371629099793818,0.07684756030998473,0.03734975215079309,1.631819238727745,1.417436440823496,1.2125491557324402,2.4921937205319233,1.7929759251135533,1.0893508091119952,0.7386262673283136,0.5713631832032544
Metronidazole_N11_1,-22.604228858868552,-11.672681911337515,1.6035280229931925,-17.989544315399815,-4.39058157253589,6.24296118374615,6.444892177824673,6.953466980928749,1.6384810071740905,-4.131901771804728,-1.6453091924568943,2.5516848432812993,-1.2938244226840594,0.6688613122043324,0.5299270021265887,-3.678225677749877,-1.9219617602772632,-1.168255351965597,1.3213095571555398,-0.08476748794376328,-0.43432912285433556,0.29387459662649495,0.009476399114154365,0.07684756030998473,0.03734975215079309,-0.0512102610677359,-0.10056794600055298,-0.3091461900599467,-0.6527210290539283,-0.767091259862111,-0.7589435225108738,0.6013568011843323,0.415037427180516
Metronidazole_N11_2,-22.604228858868552,-11.672681911337515,1.6035280229931925,-17.989544315399815,-4.39058157253589,6.24296118374615,6.444892177824673,6.953466980928749,1.6384810071740905,-4.131901771804728,-1.6453091924568943,2.5516848432812993,-1.2938244226840594,0.6688613122043324,0.5299270021265887,-3.678225677749877,-1.9219617602772632,-1.168255351965597,1.3213095571555398,-0.08476748794376328,-0.43432912285433556,0.29387459662649495,0.3070666525969446,0.07684756030998473,0.03734975215079309,0.24401880053932282,0.27188405204631544,-0.1426774621494088,-0.46303174240169553,-0.7715069069865106,-0.6073407591673243,0.5730641765881586,0.7958981579272048
Atenolol_N1_1,1.6838398613660608,-12.237646812708471,0.7218043837665683,6.711363346546345,-1.2014324490142758,-0.11928761873355472,-9.720093685243922,7.195172068849954,-5.52909059683891,0.2381019494164926,-1.387045032792453,-0.2469236909633241,0.7463000398118934,0.6621875355235323,-0.9010321345372143,0.10887577134226219,-0.5068008690277878,0.963458791415928,-0.22427950029900137,-1.4672241379391413,2.3528871687398825,1.0131142635115322,-1.2079983934676604,-1.319216451988073,-1.319691242661356,0.278538538694336,0.5200430208477682,0.1414336085750615,-0.5396297141565009,-0.5472348471276747,0.29748721815332463,0.48687704700777323,0.6497260699573312
Atenolol_N1_2,1.6838398613660608,-12.237646812708471,0.7218043837665683,6.711363346546345,-1.2014324490142758,-0.11928761873355472,-9.720093685243922,7.195172068849954,-5.52909059683891,0.2381019494164926,-1.387045032792453,-0.2469236909633241,0.7463000398118934,0.6621875355235323,-0.9010321345372143,0.10887577134226219,-0.5068008690277878,0.963458791415928,-0.22427950029900137,-1.4672241379391413,2.3528871687398825,1.0131142635115322,-1.2394933619612558,-1.319216451988073,-1.319691242661356,0.36462061683277164,0.577050730357795,-0.05559004227830282,-0.28276964062055987,-0.560545746720854,0.6501964540009812,0.22871539419570408,-0.009335532875819867
Atenolol_N2_1,1.6838398613660608,-12.237646812708471,0.7218043837665683,6.711363346546345,-1.2014324490142758,-0.11928761873355472,-9.720093685243922,7.195172068849954,-5.52909059683891,0.2381019494164926,-1.387045032792453,-0.2469236909633241,0.7463000398118934,0.6621875355235323,-0.9010321345372143,0.10887577134226219,-0.5068008690277878,0.963458791415928,-0.22427950029900137,-1.4672241379391413,2.3528871687398825,1.0131142635115322,0.1996861694652376,0.07684756030998473,-1.319691242661356,-1.1419799225272,-0.05886095955740599,-0.5286702278573058,-0.8661762492247558,-0.9989444177564659,-0.43315611921703123,0.28309615593004456,0.3835639372781411
Atenolol_N2_2,1.6838398613660608,-12.237646812708471,0.7218043837665683,6.711363346546345,-1.2014324490142758,-0.11928761873355472,-9.720093685243922,7.195172068849954,-5.52909059683891,0.2381019494164926,-1.387045032792453,-0.2469236909633241,0.7463000398118934,0.6621875355235323,-0.9010321345372143,0.10887577134226219,-0.5068008690277878,0.963458791415928,-0.22427950029900137,-1.4672241379391413,2.3528871687398825,1.0131142635115322,0.17277905071283517,0.07684756030998473,-1.319691242661356,1.3384172713996512,1.505070142885582,0.9884466453850818,0.3393328362588926,-0.4332887142869866,0.1287971054387055,-0.3766917798011362,0.7647634361837676
Atenolol_N3_1,1.6838398613660608,-12.237646812708471,0.7218043837665683,6.711363346546345,-1.2014324490142758,-0.11928761873355472,-9.720093685243922,7.195172068849954,-5.52909059683891,0.2381019494164926,-1.387045032792453,-0.2469236909633241,0.7463000398118934,0.6621875355235323,-0.9010321345372143,0.10887577134226219,-0.5068008690277878,0.963458791415928,-0.22427950029900137,-1.4672241379391413,2.3528871687398825,1.0131142635115322,1.2783681743810513,1.4729115726080424,-1.319691242661356,-0.6569179694937473,-0.6404100915835385,-0.7273159796212293,-0.9648035453855406,-1.204614507445233,-1.7336148809452099,-1.3632253072952574,-0.4363278428688336
Atenolol_N3_2,1.6838398613660608,-12.237646812708471,0.7218043837665683,6.711363346546345,-1.2014324490142758,-0.11928761873355472,-9.720093685243922,7.195172068849954,-5.52909059683891,0.2381019494164926,-1.387045032792453,-0.2469236909633241,0.7463000398118934,0.6621875355235323,-0.9010321345372143,0.10887577134226219,-0.5068008690277878,0.963458791415928,-0.22427950029900137,-1.4672241379391413,2.3528871687398825,1.0131142635115322,1.4858547122259966,1.4729115726080424,-1.319691242661356,0.4828109484820396,0.16992421825461718,0.13206175570262504,-0.3112599464123176,-0.7824306772946776,-1.2912477803739142,-1.0741282701074735,-0.48205845108484824
Atenolol_N4_1,1.6838398613660608,-12.237646812708471,0.7218043837665683,6.711363346546345,-1.2014324490142758,-0.11928761873355472,-9.720093685243922,7.195172068849954,-5.52909059683891,0.2381019494164926,-1.387045032792453,-0.2469236909633241,0.7463000398118934,0.6621875355235323,-0.9010321345372143,0.10887577134226219,-0.5068008690277878,0.963458791415928,-0.22427950029900137,-1.4672241379391413,2.3528871687398825,1.0131142635115322,-1.2353601639962168,-1.319216451988073,0.03734975215079309,0.5865226171679099,0.8522108419384354,0.25209763615090913,0.16698049800812284,0.10946353420340912,1.0349537222198308,0.7254549201565733,0.6569182605706045
Atenolol_N4_2,1.6838398613660608,-12.237646812708471,0.7218043837665683,6.711363346546345,-1.2014324490142758,-0.11928761873355472,-9.720093685243922,7.195172068849954,-5.52909059683891,0.2381019494164926,-1.387045032792453,-0.2469236909633241,0.7463000398118934,0.6621875355235323,-0.9010321345372143,0.10887577134226219,-0.5068008690277878,0.963458791415928,-0.22427950029900137,-1.4672241379391413,2.3528871687398825,1.0131142635115322,-1.2394933619612558,-1.319216451988073,0.03734975215079309,0.7613454104521934,0.8580322588971713,0.17688054376369944,-0.3559147117047768,-0.7440269343646048,0.9831074649530516,0.6258230448288032,0.7711319306787711
Atenolol_N5_1,1.6838398613660608,-12.237646812708471,0.7218043837665683,6.711363346546345,-1.2014324490142758,-0.11928761873355472,-9.720093685243922,7.195172068849954,-5.52909059683891,0.2381019494164926,-1.387045032792453,-0.2469236909633241,0.7463000398118934,0.6621875355235323,-0.9010321345372143,0.10887577134226219,-0.5068008690277878,0.963458791415928,-0.22427950029900137,-1.4672241379391413,2.3528871687398825,1.0131142635115322,-0.041981915550577995,0.07684756030998473,0.03734975215079309,-1.5622763456285544,-0.6152250287397255,-0.5970735696286378,-0.777007195995138,-0.5420392624361824,0.28990260486273944,0.6826084769795175,0.6396579295295823
Atenolol_N5_2,1.6838398613660608,-12.237646812708471,0.7218043837665683,6.711363346546345,-1.2014324490142758,-0.11928761873355472,-9.720093685243922,7.195172068849954,-5.52909059683891,0.2381019494164926,-1.387045032792453,-0.2469236909633241,0.7463000398118934,0.6621875355235323,-0.9010321345372143,0.10887577134226219,-0.5068008690277878,0.963458791415928,-0.22427950029900137,-1.4672241379391413,2.3528871687398825,1.0131142635115322,-0.1657298626238382,0.07684756030998473,0.03734975215079309,2.1687107743851874,2.034267438726802,2.742405723928914,1.574858097007314,0.8153515904166546,0.9069852958257518,0.7499797282224079,0.584292776415792
Atenolol_N6_1,1.6838398613660608,-12.237646812708471,0.7218043837665683,6.711363346546345,-1.2014324490142758,-0.11928761873355472,-9.720093685243922,7.195172068849954,-5.52909059683891,0.2381019494164926,-1.387045032792453,-0.2469236909633241,0.7463000398118934,0.6621875355235323,-0.9010321345372143,0.10887577134226219,-0.5068008690277878,0.963458791415928,-0.22427950029900137,-1.4672241379391413,2.3528871687398825,1.0131142635115322,1.2403427531026947,1.4729115726080424,0.03734975215079309,-1.0022785129134757,-0.2745441969815258,-0.21956797237905556,-0.6556526155268277,-0.891939034405957,-1.2341380216747482,-0.9943209157600027,-0.4183890687259448
Atenolol_N6_2,1.6838398613660608,-12.237646812708471,0.7218043837665683,6.711363346546345,-1.2014324490142758,-0.11928761873355472,-9.720093685243922,7.195172068849954,-5.52909059683891,0.2381019494164926,-1.387045032792453,-0.2469236909633241,0.7463000398118934,0.6621875355235323,-0.9010321345372143,0.10887577134226219,-0.5068008690277878,0.963458791415928,-0.22427950029900137,-1.4672241379391413,2.3528871687398825,1.0131142635115322,1.1686317684092724,1.4729115726080424,0.03734975215079309,1.5412703294854182,1.372234400849879,0.9072925312052241,0.20215955258138515,-0.4988192856711413,-0.8501540524606239,-0.46184373067217727,0.12167703459086728
Atenolol_N7_1,1.6838398613660608,-12.237646812708471,0.7218043837665683,6.711363346546345,-1.2014324490142758,-0.11928761873355472,-9.720093685243922,7.195172068849954,-5.52909059683891,0.2381019494164926,-1.387045032792453,-0.2469236909633241,0.7463000398118934,0.6621875355235323,-0.9010321345372143,0.10887577134226219,-0.5068008690277878,0.963458791415928,-0.22427950029900137,-1.4672241379391413,2.3528871687398825,1.0131142635115322,-1.3374088217530238,-1.319216451988073,1.3943907469629422,1.0910688678237828,1.35659441318998,0.7774780494111684,0.5464875057693113,-0.18266649179169306,1.2088155254162196,0.8773391301071136,0.7911285177043665
Atenolol_N7_2,1.6838398613660608,-12.237646812708471,0.7218043837665683,6.711363346546345,-1.2014324490142758,-0.11928761873355472,-9.720093685243922,7.195172068849954,-5.52909059683891,0.2381019494164926,-1.387045032792453,-0.2469236909633241,0.7463000398118934,0.6621875355235323,-0.9010321345372143,0.10887577134226219,-0.5068008690277878,0.963458791415928,-0.22427950029900137,-1.4672241379391413,2.3528871687398825,1.0131142635115322,-1.365927887711791,-1.319216451988073,1.3943907469629422,2.579240527691189,1.7107216110855483,1.9793783389314115,1.684252318539698,0.39561201716117217,1.128128000955676,0.744052952734618,0.6757753804511961
Atenolol_N8_1,1.6838398613660608,-12.237646812708471,0.7218043837665683,6.711363346546345,-1.2014324490142758,-0.11928761873355472,-9.720093685243922,7.195172068849954,-5.52909059683891,0.2381019494164926,-1.387045032792453,-0.2469236909633241,0.7463000398118934,0.6621875355235323,-0.9010321345372143,0.10887577134226219,-0.5068008690277878,0.963458791415928,-0.22427950029900137,-1.4672241379391413,2.3528871687398825,1.0131142635115322,0.005632525006668179,0.07684756030998473,1.3943907469629422,0.8884337417984074,0.35513978901938675,0.8891640740640183,1.1644538879951662,2.278104965860267,1.0835121915772241,0.8013311320567693,0.667419720239715
Atenolol_N8_2,1.6838398613660608,-12.237646812708471,0.7218043837665683,6.711363346546345,-1.2014324490142758,-0.11928761873355472,-9.720093685243922,7.195172068849954,-5.52909059683891,0.2381019494164926,-1.387045032792453,-0.2469236909633241,0.7463000398118934,0.6621875355235323,-0.9010321345372143,0.10887577134226219,-0.5068008690277878,0.963458791415928,-0.22427950029900137,-1.4672241379391413,2.3528871687398825,1.0131142635115322,-0.01854668308880826,0.07684756030998473,1.3943907469629422,0.7293245335975025,0.5910991002294617,0.8604847064569988,1.6015584290942273,2.7350941157656727,1.2328724417429027,0.9187830649650486,0.7765300595984603
Atenolol_N9_1,1.6838398613660608,-12.237646812708471,0.7218043837665683,6.711363346546345,-1.2014324490142758,-0.11928761873355472,-9.720093685243922,7.195172068849954,-5.52909059683891,0.2381019494164926,-1.387045032792453,-0.2469236909633241,0.7463000398118934,0.6621875355235323,-0.9010321345372143,0.10887577134226219,-0.5068008690277878,0.963458791415928,-0.22427950029900137,-1.4672241379391413,2.3528871687398825,1.0131142635115322,1.2696884586544697,1.4729115726080424,1.3943907469629422,0.22013898225694126,0.15796850822893685,0.12735967799259484,-0.40532966335886683,-0.7137099046425153,-1.0271319813354745,0.7255568046234065,0.7740875010263502
Atenolol_N9_2,1.6838398613660608,-12.237646812708471,0.7218043837665683,6.711363346546345,-1.2014324490142758,-0.11928761873355472,-9.720093685243922,7.195172068849954,-5.52909059683891,0.2381019494164926,-1.387045032792453,-0.2469236909633241,0.7463000398118934,0.6621875355235323,-0.9010321345372143,0.10887577134226219,-0.5068008690277878,0.963458791415928,-0.22427950029900137,-1.4672241379391413,2.3528871687398825,1.0131142635115322,1.1944642556907645,1.4729115726080424,1.3943907469629422,0.5500052046640707,0.47087587575473594,0.48117047720474315,0.299669599343273,-0.2547067468890184,-0.5006683979251405,0.798054361634166,0.7958981579272048
Atenolol_N10_1,1.6838398613660608,-12.237646812708471,0.7218043837665683,6.711363346546345,-1.2014324490142758,-0.11928761873355472,-9.720093685243922,7.195172068849954,-5.52909059683891,0.2381019494164926,-1.387045032792453,-0.2469236909633241,0.7463000398118934,0.6621875355235323,-0.9010321345372143,0.10887577134226219,-0.5068008690277878,0.963458791415928,-0.22427950029900137,-1.4672241379391413,2.3528871687398825,1.0131142635115322,-0.041981915550577995,0.07684756030998473,0.03734975215079309,-1.5622763456285544,-0.6152250287397255,-0.5970735696286378,-0.777007195995138,-0.5420392624361824,0.28990260486273944,0.6826084769795175,0.6396579295295823
Atenolol_N10_2,1.6838398613660608,-12.237646812708471,0.7218043837665683,6.711363346546345,-1.2014324490142758,-0.11928761873355472,-9.720093685243922,7.195172068849954,-5.52909059683891,0.2381019494164926,-1.387045032792453,-0.2469236909633241,0.7463000398118934,0.6621875355235323,-0.9010321345372143,0.10887577134226219,-0.5068008690277878,0.963458791415928,-0.22427950029900137,-1.4672241379391413,2.3528871687398825,1.0131142635115322,-0.1657298626238382,0.07684756030998473,0.03734975215079309,2.1687107743851874,2.034267438726802,2.742405723928914,1.574858097007314,0.8153515904166546,0.9069852958257518,0.7499797282224079,0.584292776415792
Atenolol_N11_1,1.6838398613660608,-12.237646812708471,0.7218043837665683,6.711363346546345,-1.2014324490142758,-0.11928761873355472,-9.720093685243922,7.195172068849954,-5.52909059683891,0.2381019494164926,-1.387045032792453,-0.2469236909633241,0.7463000398118934,0.6621875355235323,-0.9010321345372143,0.10887577134226219,-0.5068008690277878,0.963458791415928,-0.22427950029900137,-1.4672241379391413,2.3528871687398825,1.0131142635115322,-0.041981915550577995,0.07684756030998473,0.03734975215079309,-1.5622763456285544,-0.6152250287397255,-0.5970735696286378,-0.777007195995138,-0.5420392624361824,0.28990260486273944,0.6826084769795175,0.6396579295295823
Atenolol_N11_2,1.6838398613660608,-12.237646812708471,0.7218043837665683,6.711363346546345,-1.2014324490142758,-0.11928761873355472,-9.720093685243922,7.195172068849954,-5.52909059683891,0.2381019494164926,-1.387045032792453,-0.2469236909633241,0.7463000398118934,0.6621875355235323,-0.9010321345372143,0.10887577134226219,-0.5068008690277878,0.963458791415928,-0.22427950029900137,-1.4672241379391413,2.3528871687398825,1.0131142635115322,-0.1657298626238382,0.07684756030998473,0.03734975215079309,2.1687107743851874,2.034267438726802,2.742405723928914,1.574858097007314,0.8153515904166546,0.9069852958257518,0.7499797282224079,0.584292776415792
Diclofenac_N2_1,-0.7053667048350396,1.5150713252449794,-1.70963710482428,9.085967428513527,-10.852486605006531,4.251539903013451,-1.8591652902469509,-1.341969446100134,9.316166074394964,-0.08491431874194855,0.4731850945570393,-0.5368938565583424,-1.6716141144641867,-1.4060304506312036,1.4779759412581701,3.9751689674599477,-1.9892783489468062,-1.5760940434217054,-4.635022468707741,1.554111677517001,-2.815932075372721,3.856742648783718,-0.08972035204677563,0.07684756030998473,-1.319691242661356,0.32658759594334213,0.22595329039281636,0.027065402639208338,-0.1548121319935142,-0.15528018415074493,0.5482478692057658,0.11034086077129814,-0.14414328693235123
Diclofenac_N2_2,-0.7053667048350396,1.5150713252449794,-1.70963710482428,9.085967428513527,-10.852486605006531,4.251539903013451,-1.8591652902469509,-1.341969446100134,9.316166074394964,-0.08491431874194855,0.4731850945570393,-0.5368938565583424,-1.6716141144641867,-1.4060304506312036,1.4779759412581701,3.9751689674599477,-1.9892783489468062,-1.5760940434217054,-4.635022468707741,1.554111677517001,-2.815932075372721,3.856742648783718,0.17067111975066562,0.07684756030998473,-1.319691242661356,-0.3084178399584231,-0.38808356841534536,-0.4131433089877693,-0.28835489486287574,-0.23077078659724437,-0.007518172111060882,-0.5349701650380179,-0.5886995391660749
Diclofenac_N4_1,-0.7053667048350396,1.5150713252449794,-1.70963710482428,9.085967428513527,-10.852486605006531,4.251539903013451,-1.8591652902469509,-1.341969446100134,9.316166074394964,-0.08491431874194855,0.4731850945570393,-0.5368938565583424,-1.6716141144641867,-1.4060304506312036,1.4779759412581701,3.9751689674599477,-1.9892783489468062,-1.5760940434217054,-4.635022468707741,1.554111677517001,-2.815932075372721,3.856742648783718,-1.350345731383595,-1.319216451988073,0.03734975215079309,0.1918248843828527,-0.2552956445383952,-0.19350144389580265,-0.0021313977944058204,0.004511242404114323,0.6454215237816779,0.6260601633850257,0.44317020776754273
Diclofenac_N4_2,-0.7053667048350396,1.5150713252449794,-1.70963710482428,9.085967428513527,-10.852486605006531,4.251539903013451,-1.8591652902469509,-1.341969446100134,9.316166074394964,-0.08491431874194855,0.4731850945570393,-0.5368938565583424,-1.6716141144641867,-1.4060304506312036,1.4779759412581701,3.9751689674599477,-1.9892783489468062,-1.5760940434217054,-4.635022468707741,1.554111677517001,-2.815932075372721,3.856742648783718,-1.3048805537681687,-1.319216451988073,0.03734975215079309,0.3928870634933858,0.832601132646459,0.5692559315242874,0.1865389896590251,0.3822823811166164,0.6586423478275879,0.36363420812906544,0.14431324410493535
Diclofenac_N5_1,-0.7053667048350396,1.5150713252449794,-1.70963710482428,9.085967428513527,-10.852486605006531,4.251539903013451,-1.8591652902469509,-1.341969446100134,9.316166074394964,-0.08491431874194855,0.4731850945570393,-0.5368938565583424,-1.6716141144641867,-1.4060304506312036,1.4779759412581701,3.9751689674599477,-1.9892783489468062,-1.5760940434217054,-4.635022468707741,1.554111677517001,-2.815932075372721,3.856742648783718,0.03427558690438694,0.07684756030998473,0.03734975215079309,0.19699962247404257,-0.02666759551950683,-0.09074358714068077,-0.28417246188366274,-0.014597295256494728,0.15786522356182897,-0.2537365375626187,-0.5495639666261377
Diclofenac_N5_2,-0.7053667048350396,1.5150713252449794,-1.70963710482428,9.085967428513527,-10.852486605006531,4.251539903013451,-1.8591652902469509,-1.341969446100134,9.316166074394964,-0.08491431874194855,0.4731850945570393,-0.5368938565583424,-1.6716141144641867,-1.4060304506312036,1.4779759412581701,3.9751689674599477,-1.9892783489468062,-1.5760940434217054,-4.635022468707741,1.554111677517001,-2.815932075372721,3.856742648783718,-0.04012197646631078,0.07684756030998473,0.03734975215079309,0.5449293425227161,0.5324595873866229,0.8891545335277055,0.9030761615844091,1.5366069305110643,0.34080376060882794,-0.13052662764092726,-0.41844895216925443
